0,7.0
1,6.0
2,5.0
3,5.0
4,5.0
5,4.0
6,4.0
7,4.0
8,4.0
9,4.0
10,4.0
11,2.0
12,2.0
13,2.0
14,2.0
15,2.0
16,2.0
17,2.0
18,2.0
19,2.0
20,2.0
21,2.0
22,2.0
23,2.0
24,2.0
25,2.0
26,2.0
27,2.0
28,2.0
29,2.0
30,2.0
31,2.0
32,2.0
33,2.0
34,2.0
35,2.0
36,2.0
37,2.0
38,2.0
39,2.0
40,2.0
41,2.0
42,2.0
43,2.0
44,2.0
45,1.0
46,1.0
47,1.0
48,1.0
49,1.0
50,1.0
51,1.0
52,1.0
53,1.0
54,1.0
55,1.0
56,1.0
57,1.0
58,1.0
59,1.0
60,1.0
61,1.0
62,1.0
63,1.0
64,1.0
65,1.0
66,1.0
67,1.0
68,1.0
69,1.0
70,1.0
71,1.0
72,1.0
73,1.0
74,1.0
75,1.0
76,1.0
77,1.0
78,1.0
79,1.0
80,1.0
81,1.0
82,1.0
83,1.0
84,1.0
85,1.0
86,1.0
87,1.0
88,1.0
89,1.0
90,1.0
91,1.0
92,1.0
93,1.0
94,1.0
95,1.0
96,1.0
97,1.0
98,1.0
99,1.0
100,1.0
101,1.0
102,1.0
103,1.0
104,1.0
105,1.0
106,1.0
107,1.0
108,1.0
109,1.0
110,1.0
111,1.0
112,1.0
113,1.0
114,1.0
115,1.0
116,1.0
117,1.0
118,1.0
119,1.0
120,1.0
121,1.0
122,1.0
123,1.0
124,1.0
125,1.0
126,1.0
127,1.0
128,1.0
129,1.0
130,1.0
131,1.0
132,1.0
133,1.0
134,1.0
135,1.0
136,1.0
137,1.0
138,1.0
139,1.0
140,1.0
141,1.0
142,1.0
143,1.0
144,1.0
145,1.0
146,1.0
147,1.0
148,1.0
149,1.0
150,1.0
151,1.0
152,1.0
153,1.0
154,1.0
155,1.0
156,1.0
157,1.0
158,1.0
159,1.0
160,1.0
161,1.0
162,1.0
163,1.0
164,1.0
165,1.0
166,1.0
167,1.0
168,1.0
169,1.0
170,1.0
171,1.0
172,1.0
173,1.0
174,1.0
175,1.0
176,1.0
177,1.0
178,1.0
179,1.0
180,1.0
181,1.0
182,1.0
183,1.0
184,1.0
185,1.0
186,1.0
187,1.0
188,1.0
189,1.0
190,1.0
191,1.0
192,1.0
193,1.0
194,1.0
195,1.0
196,1.0
197,1.0
198,1.0
199,1.0
200,1.0
201,1.0
202,1.0
203,1.0
204,1.0
205,1.0
206,1.0
207,1.0
208,1.0
209,1.0
210,1.0
211,1.0
212,1.0
213,1.0
214,1.0
215,1.0
216,1.0
217,1.0
218,1.0
219,1.0
220,1.0
221,1.0
222,1.0
223,1.0
224,1.0
225,1.0
226,1.0
227,1.0
228,1.0
229,1.0
230,1.0
231,1.0
232,1.0
233,1.0
234,1.0
235,1.0
236,1.0
237,1.0
238,1.0
239,1.0
240,1.0
241,1.0
242,1.0
243,1.0
244,1.0
245,1.0
246,1.0
247,1.0
248,1.0
249,1.0
250,1.0
251,1.0
252,1.0
253,1.0
254,1.0
255,1.0
256,1.0
257,1.0
258,1.0
259,1.0
260,1.0
261,1.0
262,1.0
263,1.0
264,1.0
265,1.0
266,1.0
267,1.0
268,1.0
269,1.0
270,1.0
271,1.0
272,1.0
273,1.0
274,1.0
275,1.0
276,1.0
277,1.0
278,1.0
279,1.0
280,1.0
281,1.0
282,1.0
283,1.0
284,1.0
285,1.0
286,1.0
287,1.0
288,1.0
289,1.0
290,1.0
291,1.0
292,1.0
293,1.0
294,1.0
295,1.0
296,1.0
297,1.0
298,1.0
299,1.0
300,1.0
301,1.0
302,1.0
303,1.0
304,1.0
305,1.0
306,1.0
307,1.0
308,1.0
309,1.0
310,1.0
311,1.0
312,1.0
313,1.0
314,1.0
315,1.0
316,1.0
317,1.0
318,1.0
319,1.0
320,1.0
321,1.0
322,1.0
323,1.0
324,1.0
325,1.0
326,1.0
327,1.0
328,1.0
329,1.0
330,1.0
331,1.0
332,1.0
333,1.0
334,1.0
335,1.0
336,1.0
337,1.0
338,1.0
339,1.0
340,1.0
341,1.0
342,1.0
343,1.0
344,1.0
345,1.0
346,1.0
347,1.0
348,1.0
349,1.0
350,1.0
351,1.0
352,1.0
353,1.0
354,1.0
355,1.0
356,1.0
357,1.0
358,1.0
359,1.0
360,1.0
361,1.0
362,1.0
363,1.0
364,1.0
365,1.0
366,1.0
367,1.0
368,1.0
369,1.0
370,1.0
371,1.0
372,1.0
373,1.0
374,1.0
375,1.0
376,1.0
377,1.0
378,1.0
379,1.0
380,1.0
381,1.0
382,1.0
383,1.0
384,1.0
385,1.0
386,1.0
387,1.0
388,1.0
389,1.0
390,1.0
391,1.0
392,1.0
393,1.0
394,1.0
395,1.0
396,1.0
397,1.0
398,1.0
399,1.0
400,1.0
401,1.0
402,1.0
403,1.0
404,1.0
405,1.0
406,1.0
407,1.0
408,1.0
409,1.0
410,1.0
411,1.0
412,1.0
413,1.0
414,1.0
415,1.0
416,1.0
417,1.0
418,1.0
419,1.0
420,1.0
421,1.0
422,1.0
423,1.0
424,1.0
425,1.0
426,1.0
427,1.0
428,1.0
429,1.0
430,1.0
431,1.0
432,1.0
433,1.0
434,1.0
435,1.0
436,1.0
437,1.0
438,1.0
439,1.0
440,1.0
441,1.0
442,1.0
443,1.0
444,1.0
445,1.0
446,1.0
447,1.0
448,1.0
449,1.0
450,1.0
451,1.0
452,1.0
453,1.0
454,1.0
455,1.0
456,1.0
457,1.0
458,1.0
459,1.0
460,1.0
461,1.0
462,1.0
463,1.0
464,1.0
465,1.0
466,1.0
467,1.0
468,1.0
469,1.0
470,1.0
471,1.0
472,1.0
473,1.0
474,1.0
475,1.0
476,1.0
477,1.0
478,1.0
479,1.0
480,1.0
481,1.0
482,1.0
483,1.0
484,1.0
485,1.0
486,1.0
487,1.0
488,1.0
489,1.0
490,1.0
491,1.0
492,1.0
493,1.0
494,1.0
495,1.0
496,1.0
497,1.0
498,1.0
499,1.0
500,1.0
501,1.0
502,1.0
503,1.0
504,1.0
505,1.0
506,1.0
507,1.0
508,1.0
509,1.0
510,1.0
511,1.0
512,1.0
513,1.0
514,1.0
515,1.0
516,1.0
517,1.0
518,1.0
519,1.0
520,1.0
521,1.0
522,1.0
523,1.0
524,1.0
525,1.0
526,1.0
527,1.0
528,1.0
529,1.0
530,1.0
531,1.0
532,1.0
533,1.0
534,1.0
535,1.0
536,1.0
537,1.0
538,1.0
539,1.0
540,1.0
541,1.0
542,1.0
543,1.0
544,1.0
545,1.0
546,1.0
547,1.0
548,1.0
549,1.0
550,1.0
551,1.0
552,1.0
553,1.0
554,1.0
555,1.0
556,1.0
557,1.0
558,1.0
559,1.0
560,1.0
561,1.0
562,1.0
563,1.0
564,1.0
565,1.0
566,1.0
567,1.0
568,1.0
569,1.0
570,1.0
571,1.0
572,1.0
573,1.0
574,1.0
575,1.0
576,1.0
577,1.0
578,1.0
579,1.0
580,1.0
581,1.0
582,1.0
583,1.0
584,1.0
585,1.0
586,1.0
587,1.0
588,1.0
589,1.0
590,1.0
591,1.0
592,1.0
593,1.0
594,1.0
595,1.0
596,1.0
597,1.0
598,1.0
599,1.0
600,1.0
601,1.0
602,1.0
603,1.0
604,1.0
605,1.0
606,1.0
607,1.0
608,1.0
609,1.0
610,1.0
611,1.0
612,1.0
613,1.0
614,1.0
615,1.0
616,1.0
617,1.0
618,1.0
619,1.0
620,1.0
621,1.0
622,1.0
623,1.0
624,1.0
625,1.0
626,1.0
627,1.0
628,1.0
629,1.0
630,1.0
631,1.0
632,1.0
633,1.0
634,1.0
635,1.0
636,1.0
637,1.0
638,1.0
639,1.0
640,1.0
641,1.0
642,1.0
643,1.0
644,1.0
645,1.0
646,1.0
647,1.0
648,1.0
649,1.0
650,1.0
651,1.0
652,1.0
653,1.0
654,1.0
655,1.0
656,1.0
657,1.0
658,1.0
659,1.0
660,1.0
661,1.0
662,1.0
663,1.0
664,1.0
665,1.0
666,1.0
667,1.0
668,1.0
669,1.0
670,1.0
671,1.0
672,1.0
673,1.0
674,1.0
675,1.0
676,1.0
677,1.0
678,1.0
679,1.0
680,1.0
681,1.0
682,1.0
683,1.0
684,1.0
685,1.0
686,1.0
687,1.0
688,1.0
689,1.0
690,1.0
691,1.0
692,1.0
693,1.0
694,1.0
695,1.0
696,1.0
697,1.0
698,1.0
699,1.0
700,1.0
701,1.0
702,1.0
703,1.0
704,1.0
705,1.0
706,1.0
707,1.0
708,1.0
709,1.0
710,1.0
711,1.0
712,1.0
713,1.0
714,1.0
715,1.0
716,1.0
717,1.0
718,1.0
719,1.0
720,1.0
721,1.0
722,1.0
723,1.0
724,1.0
725,1.0
726,1.0
727,1.0
728,1.0
729,1.0
730,1.0
731,1.0
732,1.0
733,1.0
734,1.0
735,1.0
736,1.0
737,1.0
738,1.0
739,1.0
740,1.0
741,1.0
742,1.0
743,1.0
744,1.0
745,1.0
746,1.0
747,1.0
748,1.0
749,1.0
750,1.0
751,1.0
752,1.0
753,1.0
754,1.0
755,1.0
756,1.0
757,1.0
758,1.0
759,1.0
760,1.0
761,1.0
762,1.0
763,1.0
764,1.0
765,1.0
766,1.0
767,1.0
768,1.0
769,1.0
770,1.0
771,1.0
772,1.0
773,1.0
774,1.0
775,1.0
776,1.0
777,1.0
778,1.0
779,1.0
780,1.0
781,1.0
782,1.0
783,1.0
784,1.0
785,1.0
786,1.0
787,1.0
788,1.0
789,1.0
790,1.0
791,1.0
792,1.0
793,1.0
794,1.0
795,1.0
796,1.0
797,1.0
798,1.0
799,1.0
800,1.0
801,1.0
802,1.0
803,1.0
804,1.0
805,1.0
806,1.0
807,1.0
808,1.0
809,1.0
810,1.0
811,1.0
812,1.0
813,1.0
814,1.0
815,1.0
816,1.0
817,1.0
818,1.0
819,1.0
820,1.0
821,1.0
822,1.0
823,1.0
824,1.0
825,1.0
826,1.0
827,1.0
828,1.0
829,1.0
830,1.0
831,1.0
832,1.0
833,1.0
834,1.0
835,1.0
836,1.0
837,1.0
838,1.0
839,1.0
840,1.0
841,1.0
842,1.0
843,1.0
844,1.0
845,1.0
846,1.0
847,1.0
848,1.0
849,1.0
850,1.0
851,1.0
852,1.0
853,1.0
854,1.0
855,1.0
856,1.0
857,1.0
858,1.0
859,1.0
860,1.0
861,1.0
862,1.0
863,1.0
864,1.0
865,1.0
866,1.0
867,1.0
868,1.0
869,1.0
870,1.0
871,1.0
872,1.0
873,1.0
874,1.0
875,1.0
876,1.0
877,1.0
878,1.0
879,1.0
880,1.0
881,1.0
882,1.0
883,1.0
884,1.0
885,1.0
886,1.0
887,1.0
888,1.0
889,1.0
890,1.0
891,1.0
892,1.0
893,1.0
894,1.0
895,1.0
896,1.0
897,1.0
898,1.0
899,1.0
900,1.0
901,1.0
902,1.0
903,1.0
904,1.0
905,1.0
906,1.0
907,1.0
908,1.0
909,1.0
910,1.0
911,1.0
912,1.0
913,1.0
914,1.0
915,1.0
916,1.0
917,1.0
918,1.0
919,1.0
920,1.0
921,1.0
922,1.0
923,1.0
924,1.0
925,1.0
926,1.0
927,1.0
928,1.0
929,1.0
930,1.0
931,1.0
932,1.0
933,1.0
934,1.0
935,1.0
936,1.0
937,1.0
938,1.0
939,1.0
940,1.0
941,1.0
942,1.0
943,1.0
944,1.0
945,1.0
946,1.0
947,1.0
948,1.0
949,1.0
950,1.0
951,1.0
952,1.0
953,1.0
954,1.0
955,1.0
956,1.0
957,1.0
958,1.0
959,1.0
960,1.0
961,1.0
962,1.0
963,1.0
964,1.0
965,1.0
966,1.0
967,1.0
968,1.0
969,1.0
970,1.0
971,1.0
972,1.0
973,1.0
974,1.0
975,1.0
976,1.0
977,1.0
978,1.0
979,1.0
980,1.0
981,1.0
982,1.0
983,1.0
984,1.0
985,1.0
986,1.0
987,1.0
988,1.0
989,1.0
990,1.0
991,1.0
992,1.0
993,1.0
994,1.0
995,1.0
996,1.0
997,1.0
998,1.0
999,1.0
1000,1.0
1001,1.0
1002,1.0
1003,1.0
1004,1.0
1005,1.0
1006,1.0
1007,1.0
1008,1.0
1009,1.0
1010,1.0
1011,1.0
1012,1.0
1013,1.0
1014,1.0
1015,1.0
1016,1.0
1017,1.0
1018,1.0
1019,1.0
1020,1.0
1021,1.0
1022,1.0
1023,1.0
1024,1.0
1025,1.0
1026,1.0
1027,1.0
1028,1.0
1029,1.0
1030,1.0
1031,1.0
1032,1.0
1033,1.0
1034,1.0
1035,1.0
1036,1.0
1037,1.0
1038,1.0
1039,1.0
1040,1.0
1041,1.0
1042,1.0
1043,1.0
1044,1.0
1045,1.0
1046,1.0
1047,1.0
1048,1.0
1049,1.0
1050,1.0
1051,1.0
1052,1.0
1053,1.0
1054,1.0
1055,1.0
1056,1.0
1057,1.0
1058,1.0
1059,1.0
1060,1.0
1061,1.0
1062,1.0
1063,1.0
1064,1.0
1065,1.0
1066,1.0
1067,1.0
1068,1.0
1069,1.0
1070,1.0
1071,1.0
1072,1.0
1073,1.0
1074,1.0
1075,1.0
1076,1.0
1077,1.0
1078,1.0
1079,1.0
1080,1.0
1081,1.0
1082,1.0
1083,1.0
1084,1.0
1085,1.0
1086,1.0
1087,1.0
1088,1.0
1089,1.0
1090,1.0
1091,1.0
1092,1.0
1093,1.0
1094,1.0
1095,1.0
1096,1.0
1097,1.0
1098,1.0
1099,1.0
1100,1.0
1101,1.0
1102,1.0
1103,1.0
1104,1.0
1105,1.0
1106,1.0
1107,1.0
1108,1.0
1109,1.0
1110,1.0
1111,1.0
1112,1.0
1113,1.0
1114,1.0
1115,1.0
1116,1.0
1117,1.0
1118,1.0
1119,1.0
1120,1.0
1121,1.0
1122,1.0
1123,1.0
1124,1.0
1125,1.0
1126,1.0
1127,1.0
1128,1.0
1129,1.0
1130,1.0
1131,1.0
1132,1.0
1133,1.0
1134,1.0
1135,1.0
1136,1.0
1137,1.0
1138,1.0
1139,1.0
1140,1.0
1141,1.0
1142,1.0
1143,1.0
1144,1.0
1145,1.0
1146,1.0
1147,1.0
1148,1.0
1149,1.0
1150,1.0
1151,1.0
1152,1.0
1153,1.0
1154,1.0
1155,1.0
1156,1.0
1157,1.0
1158,1.0
1159,1.0
1160,1.0
1161,1.0
1162,1.0
1163,1.0
1164,1.0
1165,1.0
1166,1.0
1167,1.0
1168,1.0
1169,1.0
1170,1.0
1171,1.0
1172,1.0
1173,1.0
1174,1.0
1175,1.0
1176,1.0
1177,1.0
1178,1.0
1179,1.0
1180,1.0
1181,1.0
1182,1.0
1183,1.0
1184,1.0
1185,1.0
1186,1.0
1187,1.0
1188,1.0
1189,1.0
1190,1.0
1191,1.0
1192,1.0
1193,1.0
1194,1.0
1195,1.0
1196,1.0
1197,1.0
1198,1.0
1199,1.0
1200,1.0
1201,1.0
1202,1.0
1203,1.0
1204,1.0
1205,1.0
1206,1.0
1207,1.0
1208,1.0
1209,1.0
1210,1.0
1211,1.0
1212,1.0
1213,1.0
1214,1.0
1215,1.0
1216,1.0
1217,1.0
1218,1.0
1219,1.0
1220,1.0
1221,1.0
1222,1.0
1223,1.0
1224,1.0
1225,1.0
1226,1.0
1227,1.0
1228,1.0
1229,1.0
1230,1.0
1231,1.0
1232,1.0
1233,1.0
1234,1.0
1235,1.0
1236,1.0
1237,1.0
1238,1.0
1239,1.0
1240,1.0
1241,1.0
1242,1.0
1243,1.0
1244,1.0
1245,1.0
1246,1.0
1247,1.0
1248,1.0
1249,1.0
1250,1.0
1251,1.0
1252,1.0
1253,1.0
1254,1.0
1255,1.0
1256,1.0
1257,1.0
1258,1.0
1259,1.0
1260,1.0
1261,1.0
1262,1.0
1263,1.0
1264,1.0
1265,1.0
1266,1.0
1267,1.0
1268,1.0
1269,1.0
1270,1.0
1271,1.0
1272,1.0
1273,1.0
1274,1.0
1275,1.0
1276,1.0
1277,1.0
1278,1.0
1279,1.0
1280,1.0
1281,1.0
1282,1.0
1283,1.0
1284,1.0
1285,1.0
1286,1.0
1287,1.0
1288,1.0
1289,1.0
1290,1.0
1291,1.0
1292,1.0
1293,1.0
1294,1.0
1295,1.0
1296,1.0
1297,1.0
1298,1.0
1299,1.0
1300,1.0
1301,1.0
1302,1.0
1303,1.0
1304,1.0
1305,1.0
1306,1.0
1307,1.0
1308,1.0
1309,1.0
1310,1.0
1311,1.0
1312,1.0
1313,1.0
1314,1.0
1315,1.0
1316,1.0
1317,1.0
1318,1.0
1319,1.0
1320,1.0
1321,1.0
1322,1.0
1323,1.0
1324,1.0
1325,1.0
1326,1.0
1327,1.0
1328,1.0
1329,1.0
1330,1.0
1331,1.0
1332,1.0
1333,1.0
1334,1.0
1335,1.0
1336,1.0
1337,1.0
1338,1.0
1339,1.0
1340,1.0
1341,1.0
1342,1.0
1343,1.0
1344,1.0
1345,1.0
1346,1.0
1347,1.0
1348,1.0
1349,1.0
1350,1.0
1351,1.0
1352,1.0
1353,1.0
1354,1.0
1355,1.0
1356,1.0
1357,1.0
1358,1.0
1359,1.0
1360,1.0
1361,1.0
1362,1.0
1363,1.0
1364,1.0
1365,1.0
1366,1.0
1367,1.0
1368,1.0
1369,1.0
1370,1.0
1371,1.0
1372,1.0
1373,1.0
1374,1.0
1375,1.0
1376,1.0
1377,1.0
1378,1.0
1379,1.0
1380,1.0
1381,1.0
1382,1.0
1383,1.0
1384,1.0
1385,1.0
1386,1.0
1387,1.0
1388,1.0
1389,1.0
1390,1.0
1391,1.0
1392,1.0
1393,1.0
1394,1.0
1395,1.0
1396,1.0
1397,1.0
1398,1.0
1399,1.0
1400,1.0
1401,1.0
1402,1.0
1403,1.0
1404,1.0
1405,1.0
1406,1.0
1407,1.0
1408,1.0
1409,1.0
1410,1.0
1411,1.0
1412,1.0
1413,1.0
1414,1.0
1415,1.0
1416,1.0
1417,1.0
1418,1.0
1419,1.0
1420,1.0
1421,1.0
1422,1.0
1423,1.0
1424,1.0
1425,1.0
1426,1.0
1427,1.0
1428,1.0
1429,1.0
1430,1.0
1431,1.0
1432,1.0
1433,1.0
1434,1.0
1435,1.0
1436,1.0
1437,1.0
1438,1.0
1439,1.0
1440,1.0
1441,1.0
1442,1.0
1443,1.0
1444,1.0
1445,1.0
1446,1.0
1447,1.0
1448,1.0
1449,1.0
1450,1.0
1451,1.0
1452,1.0
1453,1.0
1454,1.0
1455,1.0
1456,1.0
1457,1.0
1458,1.0
1459,1.0
1460,1.0
1461,1.0
1462,1.0
1463,1.0
1464,1.0
1465,1.0
1466,1.0
1467,1.0
1468,1.0
1469,1.0
1470,1.0
1471,1.0
1472,1.0
1473,1.0
1474,1.0
1475,1.0
1476,1.0
1477,1.0
1478,1.0
1479,1.0
1480,1.0
1481,1.0
1482,1.0
1483,1.0
1484,1.0
1485,1.0
1486,1.0
1487,1.0
1488,1.0
1489,1.0
1490,1.0
1491,1.0
1492,1.0
1493,1.0
1494,1.0
1495,1.0
1496,1.0
1497,1.0
1498,1.0
1499,1.0
1500,1.0
1501,1.0
1502,1.0
1503,1.0
1504,1.0
1505,1.0
1506,1.0
1507,1.0
1508,1.0
1509,1.0
1510,1.0
1511,1.0
1512,1.0
1513,1.0
1514,1.0
1515,1.0
1516,1.0
1517,1.0
1518,1.0
1519,1.0
1520,1.0
1521,1.0
1522,1.0
1523,1.0
1524,1.0
1525,1.0
1526,1.0
1527,1.0
1528,1.0
1529,1.0
1530,1.0
1531,1.0
1532,1.0
1533,1.0
1534,1.0
1535,1.0
1536,1.0
1537,1.0
1538,1.0
1539,1.0
1540,1.0
1541,1.0
1542,1.0
1543,1.0
1544,1.0
1545,1.0
1546,1.0
1547,1.0
1548,1.0
1549,1.0
1550,1.0
1551,1.0
1552,1.0
1553,1.0
1554,1.0
1555,1.0
1556,1.0
1557,1.0
1558,1.0
1559,1.0
1560,1.0
1561,1.0
1562,1.0
1563,1.0
1564,1.0
1565,1.0
1566,1.0
1567,1.0
1568,1.0
1569,1.0
1570,1.0
1571,1.0
1572,1.0
1573,1.0
1574,1.0
1575,1.0
1576,1.0
1577,1.0
1578,1.0
1579,1.0
1580,1.0
1581,1.0
1582,1.0
1583,1.0
1584,1.0
1585,1.0
1586,1.0
1587,1.0
1588,1.0
1589,1.0
1590,1.0
1591,1.0
1592,1.0
1593,1.0
1594,1.0
1595,1.0
1596,1.0
1597,1.0
1598,1.0
1599,1.0
1600,1.0
1601,1.0
1602,1.0
1603,1.0
1604,1.0
1605,1.0
1606,1.0
1607,1.0
1608,1.0
1609,1.0
1610,1.0
1611,1.0
1612,1.0
1613,1.0
1614,1.0
1615,1.0
1616,1.0
1617,1.0
1618,1.0
1619,1.0
1620,1.0
1621,1.0
1622,1.0
1623,1.0
1624,1.0
1625,1.0
1626,1.0
1627,1.0
1628,1.0
1629,1.0
1630,1.0
1631,1.0
1632,1.0
1633,1.0
1634,1.0
1635,1.0
1636,1.0
1637,1.0
1638,1.0
1639,1.0
1640,1.0
1641,1.0
1642,1.0
1643,1.0
1644,1.0
1645,1.0
1646,1.0
1647,1.0
1648,1.0
1649,1.0
1650,1.0
1651,1.0
1652,1.0
1653,1.0
1654,1.0
1655,1.0
1656,1.0
1657,1.0
1658,1.0
1659,1.0
1660,1.0
1661,1.0
1662,1.0
1663,1.0
1664,1.0
1665,1.0
1666,1.0
1667,1.0
1668,1.0
1669,1.0
1670,1.0
1671,1.0
1672,1.0
1673,1.0
1674,1.0
1675,1.0
1676,1.0
1677,1.0
1678,1.0
1679,1.0
1680,1.0
1681,1.0
1682,1.0
1683,1.0
1684,1.0
1685,1.0
1686,1.0
1687,1.0
1688,1.0
1689,1.0
1690,1.0
1691,1.0
1692,1.0
1693,1.0
1694,1.0
1695,1.0
1696,1.0
1697,1.0
1698,1.0
1699,1.0
1700,1.0
1701,1.0
1702,1.0
1703,1.0
1704,1.0
1705,1.0
1706,1.0
1707,1.0
1708,1.0
1709,1.0
1710,1.0
1711,1.0
1712,1.0
1713,1.0
1714,1.0
1715,1.0
1716,1.0
1717,1.0
1718,1.0
1719,1.0
1720,1.0
1721,1.0
1722,1.0
1723,1.0
1724,1.0
1725,1.0
1726,1.0
1727,1.0
1728,1.0
1729,1.0
1730,1.0
1731,1.0
1732,1.0
1733,1.0
1734,1.0
1735,1.0
1736,1.0
1737,1.0
1738,1.0
1739,1.0
1740,1.0
1741,1.0
1742,1.0
1743,1.0
1744,1.0
1745,1.0
1746,1.0
1747,1.0
1748,1.0
1749,1.0
1750,1.0
1751,1.0
1752,1.0
1753,1.0
1754,1.0
1755,1.0
1756,1.0
1757,1.0
1758,1.0
1759,1.0
1760,1.0
1761,1.0
1762,1.0
1763,1.0
1764,1.0
1765,1.0
1766,1.0
1767,1.0
1768,1.0
1769,1.0
1770,1.0
1771,1.0
1772,1.0
1773,1.0
1774,1.0
1775,1.0
1776,1.0
1777,1.0
1778,1.0
1779,1.0
1780,1.0
1781,1.0
1782,1.0
1783,1.0
1784,1.0
1785,1.0
1786,1.0
1787,1.0
1788,1.0
1789,1.0
1790,1.0
1791,1.0
1792,1.0
1793,1.0
1794,1.0
1795,1.0
1796,1.0
1797,1.0
1798,1.0
1799,1.0
1800,1.0
1801,1.0
1802,1.0
1803,1.0
1804,1.0
1805,1.0
1806,1.0
1807,1.0
1808,1.0
1809,1.0
1810,1.0
1811,1.0
1812,1.0
1813,1.0
1814,1.0
1815,1.0
1816,1.0
1817,1.0
1818,1.0
1819,1.0
1820,1.0
1821,1.0
1822,1.0
1823,1.0
1824,1.0
1825,1.0
1826,1.0
1827,1.0
1828,1.0
1829,1.0
1830,1.0
1831,1.0
1832,1.0
1833,1.0
1834,1.0
1835,1.0
1836,1.0
1837,1.0
1838,1.0
1839,1.0
1840,1.0
1841,1.0
1842,1.0
1843,1.0
1844,1.0
1845,1.0
1846,1.0
1847,1.0
1848,1.0
1849,1.0
1850,1.0
1851,1.0
1852,1.0
1853,1.0
1854,1.0
1855,1.0
1856,1.0
1857,1.0
1858,1.0
1859,1.0
1860,1.0
1861,1.0
1862,1.0
1863,1.0
1864,1.0
1865,1.0
1866,1.0
1867,1.0
1868,1.0
1869,1.0
1870,1.0
1871,1.0
1872,1.0
1873,1.0
1874,1.0
1875,1.0
1876,1.0
1877,1.0
1878,1.0
1879,1.0
1880,1.0
1881,1.0
1882,1.0
1883,1.0
1884,1.0
1885,1.0
1886,1.0
1887,1.0
1888,1.0
1889,1.0
1890,1.0
1891,1.0
1892,1.0
1893,1.0
1894,1.0
1895,1.0
1896,1.0
1897,1.0
1898,1.0
1899,1.0
1900,1.0
1901,1.0
1902,1.0
1903,1.0
1904,1.0
1905,1.0
1906,1.0
1907,1.0
1908,1.0
1909,1.0
1910,1.0
1911,1.0
1912,1.0
1913,1.0
1914,1.0
1915,1.0
1916,1.0
1917,1.0
1918,1.0
1919,1.0
1920,1.0
1921,1.0
1922,1.0
1923,1.0
1924,1.0
1925,1.0
1926,1.0
1927,1.0
1928,1.0
1929,1.0
1930,1.0
1931,1.0
1932,1.0
1933,1.0
1934,1.0
1935,1.0
1936,1.0
1937,1.0
1938,1.0
1939,1.0
1940,1.0
1941,1.0
1942,1.0
1943,1.0
1944,1.0
1945,1.0
1946,1.0
1947,1.0
1948,1.0
1949,1.0
1950,1.0
1951,1.0
1952,1.0
1953,1.0
1954,1.0
1955,1.0
1956,1.0
1957,1.0
1958,1.0
1959,1.0
1960,1.0
1961,1.0
1962,1.0
1963,1.0
1964,1.0
1965,1.0
1966,1.0
1967,1.0
1968,1.0
1969,1.0
1970,1.0
1971,1.0
1972,1.0
1973,1.0
1974,1.0
1975,1.0
1976,1.0
1977,1.0
1978,1.0
1979,1.0
1980,1.0
1981,1.0
1982,1.0
1983,1.0
1984,1.0
1985,1.0
1986,1.0
1987,1.0
1988,1.0
1989,1.0
1990,1.0
1991,1.0
1992,1.0
1993,1.0
1994,1.0
1995,1.0
1996,1.0
1997,1.0
1998,1.0
1999,1.0
2000,1.0
2001,1.0
2002,1.0
2003,1.0
2004,1.0
2005,1.0
2006,1.0
2007,1.0
2008,1.0
2009,1.0
2010,1.0
2011,1.0
2012,1.0
2013,1.0
2014,1.0
2015,1.0
2016,1.0
2017,1.0
2018,1.0
2019,1.0
2020,1.0
2021,1.0
2022,1.0
2023,1.0
2024,1.0
2025,1.0
2026,1.0
2027,1.0
2028,1.0
2029,1.0
2030,1.0
2031,1.0
2032,1.0
2033,1.0
2034,1.0
2035,1.0
2036,1.0
2037,1.0
2038,1.0
2039,1.0
2040,1.0
2041,1.0
2042,1.0
2043,1.0
2044,1.0
2045,1.0
2046,1.0
2047,1.0
2048,1.0
2049,1.0
2050,1.0
2051,1.0
2052,1.0
2053,1.0
2054,1.0
2055,1.0
2056,1.0
2057,1.0
2058,1.0
2059,1.0
2060,1.0
2061,1.0
2062,1.0
2063,1.0
2064,1.0
2065,1.0
2066,1.0
2067,1.0
2068,1.0
2069,1.0
2070,1.0
2071,1.0
2072,1.0
2073,1.0
2074,1.0
2075,1.0
2076,1.0
2077,1.0
2078,1.0
2079,1.0
2080,1.0
2081,1.0
2082,1.0
2083,1.0
2084,1.0
2085,1.0
2086,1.0
2087,1.0
2088,1.0
2089,1.0
2090,1.0
2091,1.0
2092,1.0
2093,1.0
2094,1.0
2095,1.0
2096,1.0
2097,1.0
2098,1.0
2099,1.0
2100,1.0
2101,1.0
2102,1.0
2103,1.0
2104,1.0
2105,1.0
2106,1.0
2107,1.0
2108,1.0
2109,1.0
2110,1.0
2111,1.0
2112,1.0
2113,1.0
2114,1.0
2115,1.0
2116,1.0
2117,1.0
2118,1.0
2119,1.0
2120,1.0
2121,1.0
2122,1.0
2123,1.0
2124,1.0
2125,1.0
2126,1.0
2127,1.0
2128,1.0
2129,1.0
2130,1.0
2131,1.0
2132,1.0
2133,1.0
2134,1.0
2135,1.0
2136,1.0
2137,1.0
2138,1.0
2139,1.0
2140,1.0
2141,1.0
2142,1.0
2143,1.0
2144,1.0
2145,1.0
2146,1.0
2147,1.0
2148,1.0
2149,1.0
2150,1.0
2151,1.0
2152,1.0
2153,1.0
2154,1.0
2155,1.0
2156,1.0
2157,1.0
2158,1.0
2159,1.0
2160,1.0
2161,1.0
2162,1.0
2163,1.0
2164,1.0
2165,1.0
2166,1.0
2167,1.0
2168,1.0
2169,1.0
2170,1.0
2171,1.0
2172,1.0
2173,1.0
2174,1.0
2175,1.0
2176,1.0
2177,1.0
2178,1.0
2179,1.0
2180,1.0
2181,1.0
2182,1.0
2183,1.0
2184,1.0
2185,1.0
2186,1.0
2187,1.0
2188,1.0
2189,1.0
2190,1.0
2191,1.0
2192,1.0
2193,1.0
2194,1.0
2195,1.0
2196,1.0
2197,1.0
2198,1.0
2199,1.0
2200,1.0
2201,1.0
2202,1.0
2203,1.0
2204,1.0
2205,1.0
2206,1.0
2207,1.0
2208,1.0
2209,1.0
2210,1.0
2211,1.0
2212,1.0
2213,1.0
2214,1.0
2215,1.0
2216,1.0
2217,1.0
2218,1.0
2219,1.0
2220,1.0
2221,1.0
2222,1.0
2223,1.0
2224,1.0
2225,1.0
2226,1.0
2227,1.0
2228,1.0
2229,1.0
2230,1.0
2231,1.0
2232,1.0
2233,1.0
2234,1.0
2235,1.0
2236,1.0
2237,1.0
2238,1.0
2239,1.0
2240,1.0
2241,1.0
2242,1.0
2243,1.0
2244,1.0
2245,1.0
2246,1.0
2247,1.0
2248,1.0
2249,1.0
2250,1.0
2251,1.0
2252,1.0
2253,1.0
2254,1.0
2255,1.0
2256,1.0
2257,1.0
2258,1.0
2259,1.0
2260,1.0
2261,1.0
2262,1.0
2263,1.0
2264,1.0
2265,1.0
2266,1.0
2267,1.0
2268,1.0
2269,1.0
2270,1.0
2271,1.0
2272,1.0
2273,1.0
2274,1.0
2275,1.0
2276,1.0
2277,1.0
2278,1.0
2279,1.0
2280,1.0
2281,1.0
2282,1.0
2283,1.0
2284,1.0
2285,1.0
2286,1.0
2287,1.0
2288,1.0
2289,1.0
2290,1.0
2291,1.0
2292,1.0
2293,1.0
2294,1.0
2295,1.0
2296,1.0
2297,1.0
2298,1.0
2299,1.0
2300,1.0
2301,1.0
2302,1.0
2303,1.0
2304,1.0
2305,1.0
2306,1.0
2307,1.0
2308,1.0
2309,1.0
2310,1.0
2311,1.0
2312,1.0
2313,1.0
2314,1.0
2315,1.0
2316,1.0
2317,1.0
2318,1.0
2319,1.0
2320,1.0
2321,1.0
2322,1.0
2323,1.0
2324,1.0
2325,1.0
2326,1.0
2327,1.0
2328,1.0
2329,1.0
2330,1.0
2331,1.0
2332,1.0
2333,1.0
2334,1.0
2335,1.0
2336,1.0
2337,1.0
2338,1.0
2339,1.0
2340,1.0
2341,1.0
2342,1.0
2343,1.0
2344,1.0
2345,1.0
2346,1.0
2347,1.0
2348,1.0
2349,1.0
2350,1.0
2351,1.0
2352,1.0
2353,1.0
2354,1.0
2355,1.0
2356,1.0
2357,1.0
2358,1.0
2359,1.0
2360,1.0
2361,1.0
2362,1.0
2363,1.0
2364,1.0
2365,1.0
2366,1.0
2367,1.0
2368,1.0
2369,1.0
2370,1.0
2371,1.0
2372,1.0
2373,1.0
2374,1.0
2375,1.0
2376,1.0
2377,1.0
2378,1.0
2379,1.0
2380,1.0
2381,1.0
2382,1.0
2383,1.0
2384,1.0
2385,1.0
2386,1.0
2387,1.0
2388,1.0
2389,1.0
2390,1.0
2391,1.0
2392,1.0
2393,1.0
2394,1.0
2395,1.0
2396,1.0
2397,1.0
2398,1.0
2399,1.0
2400,1.0
2401,1.0
2402,1.0
2403,1.0
2404,1.0
2405,1.0
2406,1.0
2407,1.0
2408,1.0
2409,1.0
2410,1.0
2411,1.0
2412,1.0
2413,1.0
2414,1.0
2415,1.0
2416,1.0
2417,1.0
2418,1.0
2419,1.0
2420,1.0
2421,1.0
2422,1.0
2423,1.0
2424,1.0
2425,1.0
2426,1.0
2427,1.0
2428,1.0
2429,1.0
2430,1.0
2431,1.0
2432,1.0
2433,1.0
2434,1.0
2435,1.0
2436,1.0
2437,1.0
2438,1.0
2439,1.0
2440,1.0
2441,1.0
2442,1.0
2443,1.0
2444,1.0
2445,1.0
2446,1.0
2447,1.0
2448,1.0
2449,1.0
2450,1.0
2451,1.0
2452,1.0
2453,1.0
2454,1.0
2455,1.0
2456,1.0
2457,1.0
2458,1.0
2459,1.0
2460,1.0
2461,1.0
2462,1.0
2463,1.0
2464,1.0
2465,1.0
2466,1.0
2467,1.0
2468,1.0
2469,1.0
2470,1.0
2471,1.0
2472,1.0
2473,1.0
2474,1.0
2475,1.0
2476,1.0
2477,1.0
2478,1.0
2479,1.0
2480,1.0
2481,1.0
2482,1.0
2483,1.0
2484,1.0
2485,1.0
2486,1.0
2487,1.0
2488,1.0
2489,1.0
2490,1.0
2491,1.0
2492,1.0
2493,1.0
2494,1.0
2495,1.0
2496,1.0
2497,1.0
2498,1.0
2499,1.0
2500,1.0
2501,1.0
2502,1.0
2503,1.0
2504,1.0
2505,1.0
2506,1.0
2507,1.0
2508,1.0
2509,1.0
2510,1.0
2511,1.0
2512,1.0
2513,1.0
2514,1.0
2515,1.0
2516,1.0
2517,1.0
2518,1.0
2519,1.0
2520,1.0
2521,1.0
2522,1.0
2523,1.0
2524,1.0
2525,1.0
2526,1.0
2527,1.0
2528,1.0
2529,1.0
2530,1.0
2531,1.0
2532,1.0
2533,1.0
2534,1.0
2535,1.0
2536,1.0
2537,1.0
2538,1.0
2539,1.0
2540,1.0
2541,1.0
2542,1.0
2543,1.0
2544,1.0
2545,1.0
2546,1.0
2547,1.0
2548,1.0
2549,1.0
2550,1.0
2551,1.0
2552,1.0
2553,1.0
2554,1.0
2555,1.0
2556,1.0
2557,1.0
2558,1.0
2559,1.0
2560,1.0
2561,1.0
2562,1.0
2563,1.0
2564,1.0
2565,1.0
2566,1.0
2567,1.0
2568,1.0
2569,1.0
2570,1.0
2571,1.0
2572,1.0
2573,1.0
2574,1.0
2575,1.0
2576,1.0
2577,1.0
2578,1.0
2579,1.0
2580,1.0
2581,1.0
2582,1.0
2583,1.0
2584,1.0
2585,1.0
2586,1.0
2587,1.0
2588,1.0
2589,1.0
2590,1.0
2591,1.0
2592,1.0
2593,1.0
2594,1.0
2595,1.0
2596,1.0
2597,1.0
2598,1.0
2599,1.0
2600,1.0
2601,1.0
2602,1.0
2603,1.0
2604,1.0
2605,1.0
2606,1.0
2607,1.0
2608,1.0
2609,1.0
2610,1.0
2611,1.0
2612,1.0
2613,1.0
2614,1.0
2615,1.0
2616,1.0
2617,1.0
2618,1.0
2619,1.0
2620,1.0
2621,1.0
2622,1.0
2623,1.0
2624,1.0
2625,1.0
2626,1.0
2627,1.0
2628,1.0
2629,1.0
2630,1.0
2631,1.0
2632,1.0
2633,1.0
2634,1.0
2635,1.0
2636,1.0
2637,1.0
2638,1.0
2639,1.0
2640,1.0
2641,1.0
2642,1.0
2643,1.0
2644,1.0
2645,1.0
2646,1.0
2647,1.0
2648,1.0
2649,1.0
2650,1.0
2651,1.0
2652,1.0
2653,1.0
2654,1.0
2655,1.0
2656,1.0
2657,1.0
2658,1.0
2659,1.0
2660,1.0
2661,1.0
2662,1.0
2663,1.0
2664,1.0
2665,1.0
2666,1.0
2667,1.0
2668,1.0
2669,1.0
2670,1.0
2671,1.0
2672,1.0
2673,1.0
2674,1.0
2675,1.0
2676,1.0
2677,1.0
2678,1.0
2679,1.0
2680,1.0
2681,1.0
2682,1.0
2683,1.0
2684,1.0
2685,1.0
2686,1.0
2687,1.0
2688,1.0
2689,1.0
2690,1.0
2691,1.0
2692,1.0
2693,1.0
2694,1.0
2695,1.0
2696,1.0
2697,1.0
2698,1.0
2699,1.0
2700,1.0
2701,1.0
2702,1.0
2703,1.0
2704,1.0
2705,1.0
2706,1.0
2707,1.0
2708,1.0
2709,1.0
2710,1.0
2711,1.0
2712,1.0
2713,1.0
2714,1.0
2715,1.0
2716,1.0
2717,1.0
2718,1.0
2719,1.0
2720,1.0
2721,1.0
2722,1.0
2723,1.0
2724,1.0
2725,1.0
2726,1.0
2727,1.0
2728,1.0
2729,1.0
2730,1.0
2731,1.0
2732,1.0
2733,1.0
2734,1.0
2735,1.0
2736,1.0
2737,1.0
2738,1.0
2739,1.0
2740,1.0
2741,1.0
2742,1.0
2743,1.0
2744,1.0
2745,1.0
2746,1.0
2747,1.0
2748,1.0
2749,1.0
2750,1.0
2751,1.0
2752,1.0
2753,1.0
2754,1.0
2755,1.0
2756,1.0
2757,1.0
2758,1.0
2759,1.0
2760,1.0
2761,1.0
2762,1.0
2763,1.0
2764,1.0
2765,1.0
2766,1.0
2767,1.0
2768,1.0
2769,1.0
2770,1.0
2771,1.0
2772,1.0
2773,1.0
2774,1.0
2775,1.0
2776,1.0
2777,1.0
2778,1.0
2779,1.0
2780,1.0
2781,1.0
2782,1.0
2783,1.0
2784,1.0
2785,1.0
2786,1.0
2787,1.0
2788,1.0
2789,1.0
2790,1.0
2791,1.0
2792,1.0
2793,1.0
2794,1.0
2795,1.0
2796,1.0
2797,1.0
2798,1.0
2799,1.0
2800,1.0
2801,1.0
2802,1.0
2803,1.0
2804,1.0
2805,1.0
2806,1.0
2807,1.0
2808,1.0
2809,1.0
2810,1.0
2811,1.0
2812,1.0
2813,1.0
2814,1.0
2815,1.0
2816,1.0
2817,1.0
2818,1.0
2819,1.0
2820,1.0
2821,1.0
2822,1.0
2823,1.0
2824,1.0
2825,1.0
2826,1.0
2827,1.0
2828,1.0
2829,1.0
2830,1.0
2831,1.0
2832,1.0
2833,1.0
2834,1.0
2835,1.0
2836,1.0
2837,1.0
2838,1.0
2839,1.0
2840,1.0
2841,1.0
2842,1.0
2843,1.0
2844,1.0
2845,1.0
2846,1.0
2847,1.0
2848,1.0
2849,1.0
2850,1.0
2851,1.0
2852,1.0
2853,1.0
2854,1.0
2855,1.0
2856,1.0
2857,1.0
2858,1.0
2859,1.0
2860,1.0
2861,1.0
2862,1.0
2863,1.0
2864,1.0
2865,1.0
2866,1.0
2867,1.0
2868,1.0
2869,1.0
2870,1.0
2871,1.0
2872,1.0
2873,1.0
2874,1.0
2875,1.0
2876,1.0
2877,1.0
2878,1.0
2879,1.0
2880,1.0
2881,1.0
2882,1.0
2883,1.0
2884,1.0
2885,1.0
2886,1.0
2887,1.0
2888,1.0
2889,1.0
2890,1.0
2891,1.0
2892,1.0
2893,1.0
2894,1.0
2895,1.0
2896,1.0
2897,1.0
2898,1.0
2899,1.0
2900,1.0
2901,1.0
2902,1.0
2903,1.0
2904,1.0
2905,1.0
2906,1.0
2907,1.0
2908,1.0
2909,1.0
2910,1.0
2911,1.0
2912,1.0
2913,1.0
2914,1.0
2915,1.0
2916,1.0
2917,1.0
2918,1.0
2919,1.0
2920,1.0
2921,1.0
2922,1.0
2923,1.0
2924,1.0
2925,1.0
2926,1.0
2927,1.0
2928,1.0
2929,1.0
2930,1.0
2931,1.0
2932,1.0
2933,1.0
2934,1.0
2935,1.0
2936,1.0
2937,1.0
2938,1.0
2939,1.0
2940,1.0
2941,1.0
2942,1.0
2943,1.0
2944,1.0
2945,1.0
2946,1.0
2947,1.0
2948,1.0
2949,1.0
2950,1.0
2951,1.0
2952,1.0
2953,1.0
2954,1.0
2955,1.0
2956,1.0
2957,1.0
2958,1.0
2959,1.0
2960,1.0
2961,1.0
2962,1.0
2963,1.0
2964,1.0
2965,1.0
2966,1.0
2967,1.0
2968,1.0
2969,1.0
2970,1.0
2971,1.0
2972,1.0
2973,1.0
2974,1.0
2975,1.0
2976,1.0
2977,1.0
2978,1.0
2979,1.0
2980,1.0
2981,1.0
2982,1.0
2983,1.0
2984,1.0
2985,1.0
2986,1.0
2987,1.0
2988,1.0
2989,1.0
2990,1.0
2991,1.0
2992,1.0
2993,1.0
2994,1.0
2995,1.0
2996,1.0
2997,1.0
2998,1.0
2999,1.0
3000,1.0
3001,1.0
3002,1.0
3003,1.0
3004,1.0
3005,1.0
3006,1.0
3007,1.0
3008,1.0
3009,1.0
3010,1.0
3011,1.0
3012,1.0
3013,1.0
3014,1.0
3015,1.0
3016,1.0
3017,1.0
3018,1.0
3019,1.0
3020,1.0
3021,1.0
3022,1.0
3023,1.0
3024,1.0
3025,1.0
3026,1.0
3027,1.0
3028,1.0
3029,1.0
3030,1.0
3031,1.0
3032,1.0
3033,1.0
3034,1.0
3035,1.0
3036,1.0
3037,1.0
3038,1.0
3039,1.0
3040,1.0
3041,1.0
3042,1.0
3043,1.0
3044,1.0
3045,1.0
3046,1.0
3047,1.0
3048,1.0
3049,1.0
3050,1.0
3051,1.0
3052,1.0
3053,1.0
3054,1.0
3055,1.0
3056,1.0
3057,1.0
3058,1.0
3059,1.0
3060,1.0
3061,1.0
3062,1.0
3063,1.0
3064,1.0
3065,1.0
3066,1.0
3067,1.0
3068,1.0
3069,1.0
3070,1.0
3071,1.0
3072,1.0
3073,1.0
3074,1.0
3075,1.0
3076,1.0
3077,1.0
3078,1.0
3079,1.0
3080,1.0
3081,1.0
3082,1.0
3083,1.0
3084,1.0
3085,1.0
3086,1.0
3087,1.0
3088,1.0
3089,1.0
3090,1.0
3091,1.0
3092,1.0
3093,1.0
3094,1.0
3095,1.0
3096,1.0
3097,1.0
3098,1.0
3099,1.0
3100,1.0
3101,1.0
3102,1.0
3103,1.0
3104,1.0
3105,1.0
3106,1.0
3107,1.0
3108,1.0
3109,1.0
3110,1.0
3111,1.0
3112,1.0
3113,1.0
3114,1.0
3115,1.0
3116,1.0
3117,1.0
3118,1.0
3119,1.0
3120,1.0
3121,1.0
3122,1.0
3123,1.0
3124,1.0
3125,1.0
3126,1.0
3127,1.0
3128,1.0
3129,1.0
3130,1.0
3131,1.0
3132,1.0
3133,1.0
3134,1.0
3135,1.0
3136,1.0
3137,1.0
3138,1.0
3139,1.0
3140,1.0
3141,1.0
3142,1.0
3143,1.0
3144,1.0
3145,1.0
3146,1.0
3147,1.0
3148,1.0
3149,1.0
3150,1.0
3151,1.0
3152,1.0
3153,1.0
3154,1.0
3155,1.0
3156,1.0
3157,1.0
3158,1.0
3159,1.0
3160,1.0
3161,1.0
3162,1.0
3163,1.0
3164,1.0
3165,1.0
3166,1.0
3167,1.0
3168,1.0
3169,1.0
3170,1.0
3171,1.0
3172,1.0
3173,1.0
3174,1.0
3175,1.0
3176,1.0
3177,1.0
3178,1.0
3179,1.0
3180,1.0
3181,1.0
3182,1.0
3183,1.0
3184,1.0
3185,1.0
3186,1.0
3187,1.0
3188,1.0
3189,1.0
3190,1.0
3191,1.0
3192,1.0
3193,1.0
3194,1.0
3195,1.0
3196,1.0
3197,1.0
3198,1.0
3199,1.0
3200,1.0
3201,1.0
3202,1.0
3203,1.0
3204,1.0
3205,1.0
3206,1.0
3207,1.0
3208,1.0
3209,1.0
3210,1.0
3211,1.0
3212,1.0
3213,1.0
3214,1.0
3215,1.0
3216,1.0
3217,1.0
3218,1.0
3219,1.0
3220,1.0
3221,1.0
3222,1.0
3223,1.0
3224,1.0
3225,1.0
3226,1.0
3227,1.0
3228,1.0
3229,1.0
3230,1.0
3231,1.0
3232,1.0
3233,1.0
3234,1.0
3235,1.0
3236,1.0
3237,1.0
3238,1.0
3239,1.0
3240,1.0
3241,1.0
3242,1.0
3243,1.0
3244,1.0
3245,1.0
3246,1.0
3247,1.0
3248,1.0
3249,1.0
3250,1.0
3251,1.0
3252,1.0
3253,1.0
3254,1.0
3255,1.0
3256,1.0
3257,1.0
3258,1.0
3259,1.0
3260,1.0
3261,1.0
3262,1.0
3263,1.0
3264,1.0
3265,1.0
3266,1.0
3267,1.0
3268,1.0
3269,1.0
3270,1.0
3271,1.0
3272,1.0
3273,1.0
3274,1.0
3275,1.0
3276,1.0
3277,1.0
3278,1.0
3279,1.0
3280,1.0
3281,1.0
3282,1.0
3283,1.0
3284,1.0
3285,1.0
3286,1.0
3287,1.0
3288,1.0
3289,1.0
3290,1.0
3291,1.0
3292,1.0
3293,1.0
3294,1.0
3295,1.0
3296,1.0
3297,1.0
3298,1.0
3299,1.0
3300,1.0
3301,1.0
3302,1.0
3303,1.0
3304,1.0
3305,1.0
3306,1.0
3307,1.0
3308,1.0
3309,1.0
3310,1.0
3311,1.0
3312,1.0
3313,1.0
3314,1.0
3315,1.0
3316,1.0
3317,1.0
3318,1.0
3319,1.0
3320,1.0
3321,1.0
3322,1.0
3323,1.0
3324,1.0
3325,1.0
3326,1.0
3327,1.0
3328,1.0
3329,1.0
3330,1.0
3331,1.0
3332,1.0
3333,1.0
3334,1.0
3335,1.0
3336,1.0
3337,1.0
3338,1.0
3339,1.0
3340,1.0
3341,1.0
3342,1.0
3343,1.0
3344,1.0
3345,1.0
3346,1.0
3347,1.0
3348,1.0
3349,1.0
3350,1.0
3351,1.0
3352,1.0
3353,1.0
3354,1.0
3355,1.0
3356,1.0
3357,1.0
3358,1.0
3359,1.0
3360,1.0
3361,1.0
3362,1.0
3363,1.0
3364,1.0
3365,1.0
3366,1.0
3367,1.0
3368,1.0
3369,1.0
3370,1.0
3371,1.0
3372,1.0
3373,1.0
3374,1.0
3375,1.0
3376,1.0
3377,1.0
3378,1.0
3379,1.0
3380,1.0
3381,1.0
3382,1.0
3383,1.0
3384,1.0
3385,1.0
3386,1.0
3387,1.0
3388,1.0
3389,1.0
3390,1.0
3391,1.0
3392,1.0
3393,1.0
3394,1.0
3395,1.0
3396,1.0
3397,1.0
3398,1.0
3399,1.0
3400,1.0
3401,1.0
3402,1.0
3403,1.0
3404,1.0
3405,1.0
3406,1.0
3407,1.0
3408,1.0
3409,1.0
3410,1.0
3411,1.0
3412,1.0
3413,1.0
3414,1.0
3415,1.0
3416,1.0
3417,1.0
3418,1.0
3419,1.0
3420,1.0
3421,1.0
3422,1.0
3423,1.0
3424,1.0
3425,1.0
3426,1.0
3427,1.0
3428,1.0
3429,1.0
3430,1.0
3431,1.0
3432,1.0
3433,1.0
3434,1.0
3435,1.0
3436,1.0
3437,1.0
3438,1.0
3439,1.0
3440,1.0
3441,1.0
3442,1.0
3443,1.0
3444,1.0
3445,1.0
3446,1.0
3447,1.0
3448,1.0
3449,1.0
3450,1.0
3451,1.0
3452,1.0
3453,1.0
3454,1.0
3455,1.0
3456,1.0
3457,1.0
3458,1.0
3459,1.0
3460,1.0
3461,1.0
3462,1.0
3463,1.0
3464,1.0
3465,1.0
3466,1.0
3467,1.0
3468,1.0
3469,1.0
3470,1.0
3471,1.0
3472,1.0
3473,1.0
3474,1.0
3475,1.0
3476,1.0
3477,1.0
3478,1.0
3479,1.0
3480,1.0
3481,1.0
3482,1.0
3483,1.0
3484,1.0
3485,1.0
3486,1.0
3487,1.0
3488,1.0
3489,1.0
3490,1.0
3491,1.0
3492,1.0
3493,1.0
3494,1.0
3495,1.0
3496,1.0
3497,1.0
3498,1.0
3499,1.0
3500,1.0
3501,1.0
3502,1.0
3503,1.0
3504,1.0
3505,1.0
3506,1.0
3507,1.0
3508,1.0
3509,1.0
3510,1.0
3511,1.0
3512,1.0
3513,1.0
3514,1.0
3515,1.0
3516,1.0
3517,1.0
3518,1.0
3519,1.0
3520,1.0
3521,1.0
3522,1.0
3523,1.0
3524,1.0
3525,1.0
3526,1.0
3527,1.0
3528,1.0
3529,1.0
3530,1.0
3531,1.0
3532,1.0
3533,1.0
3534,1.0
3535,1.0
3536,1.0
3537,1.0
3538,1.0
3539,1.0
3540,1.0
3541,1.0
3542,1.0
3543,1.0
3544,1.0
3545,1.0
3546,1.0
3547,1.0
3548,1.0
3549,1.0
3550,1.0
3551,1.0
3552,1.0
3553,1.0
3554,1.0
3555,1.0
3556,1.0
3557,1.0
3558,1.0
3559,1.0
3560,1.0
3561,1.0
3562,1.0
3563,1.0
3564,1.0
3565,1.0
3566,1.0
3567,1.0
3568,1.0
3569,1.0
3570,1.0
3571,1.0
3572,1.0
3573,1.0
3574,1.0
3575,1.0
3576,1.0
3577,1.0
3578,1.0
3579,1.0
3580,1.0
3581,1.0
3582,1.0
3583,1.0
3584,1.0
3585,1.0
3586,1.0
3587,1.0
3588,1.0
3589,1.0
3590,1.0
3591,1.0
3592,1.0
3593,1.0
3594,1.0
3595,1.0
3596,1.0
3597,1.0
3598,1.0
3599,1.0
3600,1.0
3601,1.0
3602,1.0
3603,1.0
3604,1.0
3605,1.0
3606,1.0
3607,1.0
3608,1.0
3609,1.0
3610,1.0
3611,1.0
3612,1.0
3613,1.0
3614,1.0
3615,1.0
3616,1.0
3617,1.0
3618,1.0
3619,1.0
3620,1.0
3621,1.0
3622,1.0
3623,1.0
3624,1.0
3625,1.0
3626,1.0
3627,1.0
3628,1.0
3629,1.0
3630,1.0
3631,1.0
3632,1.0
3633,1.0
3634,1.0
3635,1.0
3636,1.0
3637,1.0
3638,1.0
3639,1.0
3640,1.0
3641,1.0
3642,1.0
3643,1.0
3644,1.0
3645,1.0
3646,1.0
3647,1.0
3648,1.0
3649,1.0
3650,1.0
3651,1.0
3652,1.0
3653,1.0
3654,1.0
3655,1.0
3656,1.0
3657,1.0
3658,1.0
3659,1.0
3660,1.0
3661,1.0
3662,1.0
3663,1.0
3664,1.0
3665,1.0
3666,1.0
3667,1.0
3668,1.0
3669,1.0
3670,1.0
3671,1.0
3672,1.0
3673,1.0
3674,1.0
3675,1.0
3676,1.0
3677,1.0
3678,1.0
3679,1.0
3680,1.0
3681,1.0
3682,1.0
3683,1.0
3684,1.0
3685,1.0
3686,1.0
3687,1.0
3688,1.0
3689,1.0
3690,1.0
3691,1.0
3692,1.0
3693,1.0
3694,1.0
3695,1.0
3696,1.0
3697,1.0
3698,1.0
3699,1.0
3700,1.0
3701,1.0
3702,1.0
3703,1.0
3704,1.0
3705,1.0
3706,1.0
3707,1.0
3708,1.0
3709,1.0
3710,1.0
3711,1.0
3712,1.0
3713,1.0
3714,1.0
3715,1.0
3716,1.0
3717,1.0
3718,1.0
3719,1.0
3720,1.0
3721,1.0
3722,1.0
3723,1.0
3724,1.0
3725,1.0
3726,1.0
3727,1.0
3728,1.0
3729,1.0
3730,1.0
3731,1.0
3732,1.0
3733,1.0
3734,1.0
3735,1.0
3736,1.0
3737,1.0
3738,1.0
3739,1.0
3740,1.0
3741,1.0
3742,1.0
3743,1.0
3744,1.0
3745,1.0
3746,1.0
3747,1.0
3748,1.0
3749,1.0
3750,1.0
3751,1.0
3752,1.0
3753,1.0
3754,1.0
3755,1.0
3756,1.0
3757,1.0
3758,1.0
3759,1.0
3760,1.0
3761,1.0
3762,1.0
3763,1.0
3764,1.0
3765,1.0
3766,1.0
3767,1.0
3768,1.0
3769,1.0
3770,1.0
3771,1.0
3772,1.0
3773,1.0
3774,1.0
3775,1.0
3776,1.0
3777,1.0
3778,1.0
3779,1.0
3780,1.0
3781,1.0
3782,1.0
3783,1.0
3784,1.0
3785,1.0
3786,1.0
3787,1.0
3788,1.0
3789,1.0
3790,1.0
3791,1.0
3792,1.0
3793,1.0
3794,1.0
3795,1.0
3796,1.0
3797,1.0
3798,1.0
3799,1.0
3800,1.0
3801,1.0
3802,1.0
3803,1.0
3804,1.0
3805,1.0
3806,1.0
3807,1.0
3808,1.0
3809,1.0
3810,1.0
3811,1.0
3812,1.0
3813,1.0
3814,1.0
3815,1.0
3816,1.0
3817,1.0
3818,1.0
3819,1.0
3820,1.0
3821,1.0
3822,1.0
3823,1.0
3824,1.0
3825,1.0
3826,1.0
3827,1.0
3828,1.0
3829,1.0
3830,1.0
3831,1.0
3832,1.0
3833,1.0
3834,1.0
3835,1.0
3836,1.0
3837,1.0
3838,1.0
3839,1.0
3840,1.0
3841,1.0
3842,1.0
3843,1.0
3844,1.0
3845,1.0
3846,1.0
3847,1.0
3848,1.0
3849,1.0
3850,1.0
3851,1.0
3852,1.0
3853,1.0
3854,1.0
3855,1.0
3856,1.0
3857,1.0
3858,1.0
3859,1.0
3860,1.0
3861,1.0
3862,1.0
3863,1.0
3864,1.0
3865,1.0
3866,1.0
3867,1.0
3868,1.0
3869,1.0
3870,1.0
3871,1.0
3872,1.0
3873,1.0
3874,1.0
3875,1.0
3876,1.0
3877,1.0
3878,1.0
3879,1.0
3880,1.0
3881,1.0
3882,1.0
3883,1.0
3884,1.0
3885,1.0
3886,1.0
3887,1.0
3888,1.0
3889,1.0
3890,1.0
3891,1.0
3892,1.0
3893,1.0
3894,1.0
3895,1.0
3896,1.0
3897,1.0
3898,1.0
3899,1.0
3900,1.0
3901,1.0
3902,1.0
3903,1.0
3904,1.0
3905,1.0
3906,1.0
3907,1.0
3908,1.0
3909,1.0
3910,1.0
3911,1.0
3912,1.0
3913,1.0
3914,1.0
3915,1.0
3916,1.0
3917,1.0
3918,1.0
3919,1.0
3920,1.0
3921,1.0
3922,1.0
3923,1.0
3924,1.0
3925,1.0
3926,1.0
3927,1.0
3928,1.0
3929,1.0
3930,1.0
3931,1.0
3932,1.0
3933,1.0
3934,1.0
3935,1.0
3936,1.0
3937,1.0
3938,1.0
3939,1.0
3940,1.0
3941,1.0
3942,1.0
3943,1.0
3944,1.0
3945,1.0
3946,1.0
3947,1.0
3948,1.0
3949,1.0
3950,1.0
3951,1.0
3952,1.0
3953,1.0
3954,1.0
3955,1.0
3956,1.0
3957,1.0
3958,1.0
3959,1.0
3960,1.0
3961,1.0
3962,1.0
3963,1.0
3964,1.0
3965,1.0
3966,1.0
3967,1.0
3968,1.0
3969,1.0
3970,1.0
3971,1.0
3972,1.0
3973,1.0
3974,1.0
3975,1.0
3976,1.0
3977,1.0
3978,1.0
3979,1.0
3980,1.0
3981,1.0
3982,1.0
3983,1.0
3984,1.0
3985,1.0
3986,1.0
3987,1.0
3988,1.0
3989,1.0
3990,1.0
3991,1.0
3992,1.0
3993,1.0
3994,1.0
3995,1.0
3996,1.0
3997,1.0
3998,1.0
3999,1.0
4000,1.0
4001,1.0
4002,1.0
4003,1.0
4004,1.0
4005,1.0
4006,1.0
4007,1.0
4008,1.0
4009,1.0
4010,1.0
4011,1.0
4012,1.0
4013,1.0
4014,1.0
4015,1.0
4016,1.0
4017,1.0
4018,1.0
4019,1.0
4020,1.0
4021,1.0
4022,1.0
4023,1.0
4024,1.0
4025,1.0
4026,1.0
4027,1.0
4028,1.0
4029,1.0
4030,1.0
4031,1.0
4032,1.0
4033,1.0
4034,1.0
4035,1.0
4036,1.0
4037,1.0
4038,1.0
4039,1.0
4040,1.0
4041,1.0
4042,1.0
4043,1.0
4044,1.0
4045,1.0
4046,1.0
4047,1.0
4048,1.0
4049,1.0
4050,1.0
4051,1.0
4052,1.0
4053,1.0
4054,1.0
4055,1.0
4056,1.0
4057,1.0
4058,1.0
4059,1.0
4060,1.0
4061,1.0
4062,1.0
4063,1.0
4064,1.0
4065,1.0
4066,1.0
4067,1.0
4068,1.0
4069,1.0
4070,1.0
4071,1.0
4072,1.0
4073,1.0
4074,1.0
4075,1.0
4076,1.0
4077,1.0
4078,1.0
4079,1.0
4080,1.0
4081,1.0
4082,1.0
4083,1.0
4084,1.0
4085,1.0
4086,1.0
4087,1.0
4088,1.0
4089,1.0
4090,1.0
4091,1.0
4092,1.0
4093,1.0
4094,1.0
4095,1.0
4096,1.0
4097,1.0
4098,1.0
4099,1.0
4100,1.0
4101,1.0
4102,1.0
4103,1.0
4104,1.0
4105,1.0
4106,1.0
4107,1.0
4108,1.0
4109,1.0
4110,1.0
4111,1.0
4112,1.0
4113,1.0
4114,1.0
4115,1.0
4116,1.0
4117,1.0
4118,1.0
4119,1.0
4120,1.0
4121,1.0
4122,1.0
4123,1.0
4124,1.0
4125,1.0
4126,1.0
4127,1.0
4128,1.0
4129,1.0
4130,1.0
4131,1.0
4132,1.0
4133,1.0
4134,1.0
4135,1.0
4136,1.0
4137,1.0
4138,1.0
4139,1.0
4140,1.0
4141,1.0
4142,1.0
4143,1.0
4144,1.0
4145,1.0
4146,1.0
4147,1.0
4148,1.0
4149,1.0
4150,1.0
4151,1.0
4152,1.0
4153,1.0
4154,1.0
4155,1.0
4156,1.0
4157,1.0
4158,1.0
4159,1.0
4160,1.0
4161,1.0
4162,1.0
4163,1.0
4164,1.0
4165,1.0
4166,1.0
4167,1.0
4168,1.0
4169,1.0
4170,1.0
4171,1.0
4172,1.0
4173,1.0
4174,1.0
4175,1.0
4176,1.0
4177,1.0
4178,1.0
4179,1.0
4180,1.0
4181,1.0
4182,1.0
4183,1.0
4184,1.0
4185,1.0
4186,1.0
4187,1.0
4188,1.0
4189,1.0
4190,1.0
4191,1.0
4192,1.0
4193,1.0
4194,1.0
4195,1.0
4196,1.0
4197,1.0
4198,1.0
4199,1.0
4200,1.0
4201,1.0
4202,1.0
4203,1.0
4204,1.0
4205,1.0
4206,1.0
4207,1.0
4208,1.0
4209,1.0
4210,1.0
4211,1.0
4212,1.0
4213,1.0
4214,1.0
4215,1.0
4216,1.0
4217,1.0
4218,1.0
4219,1.0
4220,1.0
4221,1.0
4222,1.0
4223,1.0
4224,1.0
4225,1.0
4226,1.0
4227,1.0
4228,1.0
4229,1.0
4230,1.0
4231,1.0
4232,1.0
4233,1.0
4234,1.0
4235,1.0
4236,1.0
4237,1.0
4238,1.0
4239,1.0
4240,1.0
4241,1.0
4242,1.0
4243,1.0
4244,1.0
4245,1.0
4246,1.0
4247,1.0
4248,1.0
4249,1.0
4250,1.0
4251,1.0
4252,1.0
4253,1.0
4254,1.0
4255,1.0
4256,1.0
4257,1.0
4258,1.0
4259,1.0
4260,1.0
4261,1.0
4262,1.0
4263,1.0
4264,1.0
4265,1.0
4266,1.0
4267,1.0
4268,1.0
4269,1.0
4270,1.0
4271,1.0
4272,1.0
4273,1.0
4274,1.0
4275,1.0
4276,1.0
4277,1.0
4278,1.0
4279,1.0
4280,1.0
4281,1.0
4282,1.0
4283,1.0
4284,1.0
4285,1.0
4286,1.0
4287,1.0
4288,1.0
4289,1.0
4290,1.0
4291,1.0
4292,1.0
4293,1.0
4294,1.0
4295,1.0
4296,1.0
4297,1.0
4298,1.0
4299,1.0
4300,1.0
4301,1.0
4302,1.0
4303,1.0
4304,1.0
4305,1.0
4306,1.0
4307,1.0
4308,1.0
4309,1.0
4310,1.0
4311,1.0
4312,1.0
4313,1.0
4314,1.0
4315,1.0
4316,1.0
4317,1.0
4318,1.0
4319,1.0
4320,1.0
4321,1.0
4322,1.0
4323,1.0
4324,1.0
4325,1.0
4326,1.0
4327,1.0
4328,1.0
4329,1.0
4330,1.0
4331,1.0
4332,1.0
4333,1.0
4334,1.0
4335,1.0
4336,1.0
4337,1.0
4338,1.0
4339,1.0
4340,1.0
4341,1.0
4342,1.0
4343,1.0
4344,1.0
4345,1.0
4346,1.0
4347,1.0
4348,1.0
4349,1.0
4350,1.0
4351,1.0
4352,1.0
4353,1.0
4354,1.0
4355,1.0
4356,1.0
4357,1.0
4358,1.0
4359,1.0
4360,1.0
4361,1.0
4362,1.0
4363,1.0
4364,1.0
4365,1.0
4366,1.0
4367,1.0
4368,1.0
4369,1.0
4370,1.0
4371,1.0
4372,1.0
4373,1.0
4374,1.0
4375,1.0
4376,1.0
4377,1.0
4378,1.0
4379,1.0
4380,1.0
4381,1.0
4382,1.0
4383,1.0
4384,1.0
4385,1.0
4386,1.0
4387,1.0
4388,1.0
4389,1.0
4390,1.0
4391,1.0
4392,1.0
4393,1.0
4394,1.0
4395,1.0
4396,1.0
4397,1.0
4398,1.0
4399,1.0
4400,1.0
4401,1.0
4402,1.0
4403,1.0
4404,1.0
4405,1.0
4406,1.0
4407,1.0
4408,1.0
4409,1.0
4410,1.0
4411,1.0
4412,1.0
4413,1.0
4414,1.0
4415,1.0
4416,1.0
4417,1.0
4418,1.0
4419,1.0
4420,1.0
4421,1.0
4422,1.0
4423,1.0
4424,1.0
4425,1.0
4426,1.0
4427,1.0
4428,1.0
4429,1.0
4430,1.0
4431,1.0
4432,1.0
4433,1.0
4434,1.0
4435,1.0
4436,1.0
4437,1.0
4438,1.0
4439,1.0
4440,1.0
4441,1.0
4442,1.0
4443,1.0
4444,1.0
4445,1.0
4446,1.0
4447,1.0
4448,1.0
4449,1.0
4450,1.0
4451,1.0
4452,1.0
4453,1.0
4454,1.0
4455,1.0
4456,1.0
4457,1.0
4458,1.0
4459,1.0
4460,1.0
4461,1.0
4462,1.0
4463,1.0
4464,1.0
4465,1.0
4466,1.0
4467,1.0
4468,1.0
4469,1.0
4470,1.0
4471,1.0
4472,1.0
4473,1.0
4474,1.0
4475,1.0
4476,1.0
4477,1.0
4478,1.0
4479,1.0
4480,1.0
4481,1.0
4482,1.0
4483,1.0
4484,1.0
4485,1.0
4486,1.0
4487,1.0
4488,1.0
4489,1.0
4490,1.0
4491,1.0
4492,1.0
4493,1.0
4494,1.0
4495,1.0
4496,1.0
4497,1.0
4498,1.0
4499,1.0
4500,1.0
4501,1.0
4502,1.0
4503,1.0
4504,1.0
4505,1.0
4506,1.0
4507,1.0
4508,1.0
4509,1.0
4510,1.0
4511,1.0
4512,1.0
4513,1.0
4514,1.0
4515,1.0
4516,1.0
4517,1.0
4518,1.0
4519,1.0
4520,1.0
4521,1.0
4522,1.0
4523,1.0
4524,1.0
4525,1.0
4526,1.0
4527,1.0
4528,1.0
4529,1.0
4530,1.0
4531,1.0
4532,1.0
4533,1.0
4534,1.0
4535,1.0
4536,1.0
4537,1.0
4538,1.0
4539,1.0
4540,1.0
4541,1.0
4542,1.0
4543,1.0
4544,1.0
4545,1.0
4546,1.0
4547,1.0
4548,1.0
4549,1.0
4550,1.0
4551,1.0
4552,1.0
4553,1.0
4554,1.0
4555,1.0
4556,1.0
4557,1.0
4558,1.0
4559,1.0
4560,1.0
4561,1.0
4562,1.0
4563,1.0
4564,1.0
4565,1.0
4566,1.0
4567,1.0
4568,1.0
4569,1.0
4570,1.0
4571,1.0
4572,1.0
4573,1.0
4574,1.0
4575,1.0
4576,1.0
4577,1.0
4578,1.0
4579,1.0
4580,1.0
4581,1.0
4582,1.0
4583,1.0
4584,1.0
4585,1.0
4586,1.0
4587,1.0
4588,1.0
4589,1.0
4590,1.0
4591,1.0
4592,1.0
4593,1.0
4594,1.0
4595,1.0
4596,1.0
4597,1.0
4598,1.0
4599,1.0
4600,1.0
4601,1.0
4602,1.0
4603,1.0
4604,1.0
4605,1.0
4606,1.0
4607,1.0
4608,1.0
4609,1.0
4610,1.0
4611,1.0
4612,1.0
4613,1.0
4614,1.0
4615,1.0
4616,1.0
4617,1.0
4618,1.0
4619,1.0
4620,1.0
4621,1.0
4622,1.0
4623,1.0
4624,1.0
4625,1.0
4626,1.0
4627,1.0
4628,1.0
4629,1.0
4630,1.0
4631,1.0
4632,1.0
4633,1.0
4634,1.0
4635,1.0
4636,1.0
4637,1.0
4638,1.0
4639,1.0
4640,1.0
4641,1.0
4642,1.0
4643,1.0
4644,1.0
4645,1.0
4646,1.0
4647,1.0
4648,1.0
4649,1.0
4650,1.0
4651,1.0
4652,1.0
4653,1.0
4654,1.0
4655,1.0
4656,1.0
4657,1.0
4658,1.0
4659,1.0
4660,1.0
4661,1.0
4662,1.0
4663,1.0
4664,1.0
4665,1.0
4666,1.0
4667,1.0
4668,1.0
4669,1.0
4670,1.0
4671,1.0
4672,1.0
4673,1.0
4674,1.0
4675,1.0
4676,1.0
4677,1.0
4678,1.0
4679,1.0
4680,1.0
4681,1.0
4682,1.0
4683,1.0
4684,1.0
4685,1.0
4686,1.0
4687,1.0
4688,1.0
4689,1.0
4690,1.0
4691,1.0
4692,1.0
4693,1.0
4694,1.0
4695,1.0
4696,1.0
4697,1.0
4698,1.0
4699,1.0
4700,1.0
4701,1.0
4702,1.0
4703,1.0
4704,1.0
4705,1.0
4706,1.0
4707,1.0
4708,1.0
4709,1.0
4710,1.0
4711,1.0
4712,1.0
4713,1.0
4714,1.0
4715,1.0
4716,1.0
4717,1.0
4718,1.0
4719,1.0
4720,1.0
4721,1.0
4722,1.0
4723,1.0
4724,1.0
4725,1.0
4726,1.0
4727,1.0
4728,1.0
4729,1.0
4730,1.0
4731,1.0
4732,1.0
4733,1.0
4734,1.0
4735,1.0
4736,1.0
4737,1.0
4738,1.0
4739,1.0
4740,1.0
4741,1.0
4742,1.0
4743,1.0
4744,1.0
4745,1.0
4746,1.0
4747,1.0
4748,1.0
4749,1.0
4750,1.0
4751,1.0
4752,1.0
4753,1.0
4754,1.0
4755,1.0
4756,1.0
4757,1.0
4758,1.0
4759,1.0
4760,1.0
4761,1.0
4762,1.0
4763,1.0
4764,1.0
4765,1.0
4766,1.0
4767,1.0
4768,1.0
4769,1.0
4770,1.0
4771,1.0
4772,1.0
4773,1.0
4774,1.0
4775,1.0
4776,1.0
4777,1.0
4778,1.0
4779,1.0
4780,1.0
4781,1.0
4782,1.0
4783,1.0
4784,1.0
4785,1.0
4786,1.0
4787,1.0
4788,1.0
4789,1.0
4790,1.0
4791,1.0
4792,1.0
4793,1.0
4794,1.0
4795,1.0
4796,1.0
4797,1.0
4798,1.0
4799,1.0
4800,1.0
4801,1.0
4802,1.0
4803,1.0
4804,1.0
4805,1.0
4806,1.0
4807,1.0
4808,1.0
4809,1.0
4810,1.0
4811,1.0
4812,1.0
4813,1.0
4814,1.0
4815,1.0
4816,1.0
4817,1.0
4818,1.0
4819,1.0
4820,1.0
4821,1.0
4822,1.0
4823,1.0
4824,1.0
4825,1.0
4826,1.0
4827,1.0
4828,1.0
4829,1.0
4830,1.0
4831,1.0
4832,1.0
4833,1.0
4834,1.0
4835,1.0
4836,1.0
4837,1.0
4838,1.0
4839,1.0
4840,1.0
4841,1.0
4842,1.0
4843,1.0
4844,1.0
4845,1.0
4846,1.0
4847,1.0
4848,1.0
4849,1.0
4850,1.0
4851,1.0
4852,1.0
4853,1.0
4854,1.0
4855,1.0
4856,1.0
4857,1.0
4858,1.0
4859,1.0
4860,1.0
4861,1.0
4862,1.0
4863,1.0
4864,1.0
4865,1.0
4866,1.0
4867,1.0
4868,1.0
4869,1.0
4870,1.0
4871,1.0
4872,1.0
4873,1.0
4874,1.0
4875,1.0
4876,1.0
4877,1.0
4878,1.0
4879,1.0
4880,1.0
4881,1.0
4882,1.0
4883,1.0
4884,1.0
4885,1.0
4886,1.0
4887,1.0
4888,1.0
4889,1.0
4890,1.0
4891,1.0
4892,1.0
4893,1.0
4894,1.0
4895,1.0
4896,1.0
4897,1.0
4898,1.0
4899,1.0
4900,1.0
4901,1.0
4902,1.0
4903,1.0
4904,1.0
4905,1.0
4906,1.0
4907,1.0
4908,1.0
4909,1.0
4910,1.0
4911,1.0
4912,1.0
4913,1.0
4914,1.0
4915,1.0
4916,1.0
4917,1.0
4918,1.0
4919,1.0
4920,1.0
4921,1.0
4922,1.0
4923,1.0
4924,1.0
4925,1.0
4926,1.0
4927,1.0
4928,1.0
4929,1.0
4930,1.0
4931,1.0
4932,1.0
4933,1.0
4934,1.0
4935,1.0
4936,1.0
4937,1.0
4938,1.0
4939,1.0
4940,1.0
4941,1.0
4942,1.0
4943,1.0
4944,1.0
4945,1.0
4946,1.0
4947,1.0
4948,1.0
4949,1.0
4950,1.0
4951,1.0
4952,1.0
4953,1.0
4954,1.0
4955,1.0
4956,1.0
4957,1.0
4958,1.0
4959,1.0
4960,1.0
4961,1.0
4962,1.0
4963,1.0
4964,1.0
4965,1.0
4966,1.0
4967,1.0
4968,1.0
4969,1.0
4970,1.0
4971,1.0
4972,1.0
4973,1.0
4974,1.0
4975,1.0
4976,1.0
4977,1.0
4978,1.0
4979,1.0
4980,1.0
4981,1.0
4982,1.0
4983,1.0
4984,1.0
4985,1.0
4986,1.0
4987,1.0
4988,1.0
4989,1.0
4990,1.0
4991,1.0
4992,1.0
4993,1.0
4994,1.0
4995,1.0
4996,1.0
4997,1.0
4998,1.0
4999,1.0
5000,1.0
5001,1.0
5002,1.0
5003,1.0
5004,1.0
5005,1.0
5006,1.0
5007,1.0
5008,1.0
5009,1.0
5010,1.0
5011,1.0
5012,1.0
5013,1.0
5014,1.0
5015,1.0
5016,1.0
5017,1.0
5018,1.0
5019,1.0
5020,1.0
5021,1.0
5022,1.0
5023,1.0
5024,1.0
5025,1.0
5026,1.0
5027,1.0
5028,1.0
5029,1.0
5030,1.0
5031,1.0
5032,1.0
5033,1.0
5034,1.0
5035,1.0
5036,1.0
5037,1.0
5038,1.0
5039,1.0
5040,1.0
5041,1.0
5042,1.0
5043,1.0
5044,1.0
5045,1.0
5046,1.0
5047,1.0
5048,1.0
5049,1.0
5050,1.0
5051,1.0
5052,1.0
5053,1.0
5054,1.0
5055,1.0
5056,1.0
5057,1.0
5058,1.0
5059,1.0
5060,1.0
5061,1.0
5062,1.0
5063,1.0
5064,1.0
5065,1.0
5066,1.0
5067,1.0
5068,1.0
5069,1.0
5070,1.0
5071,1.0
5072,1.0
5073,1.0
5074,1.0
5075,1.0
5076,1.0
5077,1.0
5078,1.0
5079,1.0
5080,1.0
5081,1.0
5082,1.0
5083,1.0
5084,1.0
5085,1.0
5086,1.0
5087,1.0
5088,1.0
5089,1.0
5090,1.0
5091,1.0
5092,1.0
5093,1.0
5094,1.0
5095,1.0
5096,1.0
5097,1.0
5098,1.0
5099,1.0
5100,1.0
5101,1.0
5102,1.0
5103,1.0
5104,1.0
5105,1.0
5106,1.0
5107,1.0
5108,1.0
5109,1.0
5110,1.0
5111,1.0
5112,1.0
5113,1.0
5114,1.0
5115,1.0
5116,1.0
5117,1.0
5118,1.0
5119,1.0
5120,1.0
5121,1.0
5122,1.0
5123,1.0
5124,1.0
5125,1.0
5126,1.0
5127,1.0
5128,1.0
5129,1.0
5130,1.0
5131,1.0
5132,1.0
5133,1.0
5134,1.0
5135,1.0
5136,1.0
5137,1.0
5138,1.0
5139,1.0
5140,1.0
5141,1.0
5142,1.0
5143,1.0
5144,1.0
5145,1.0
5146,1.0
5147,1.0
5148,1.0
5149,1.0
5150,1.0
5151,1.0
5152,1.0
5153,1.0
5154,1.0
5155,1.0
5156,1.0
5157,1.0
5158,1.0
5159,1.0
5160,1.0
5161,1.0
5162,1.0
5163,1.0
5164,1.0
5165,1.0
5166,1.0
5167,1.0
5168,1.0
5169,1.0
5170,1.0
5171,1.0
5172,1.0
5173,1.0
5174,1.0
5175,1.0
5176,1.0
5177,1.0
5178,1.0
5179,1.0
5180,1.0
5181,1.0
5182,1.0
5183,1.0
5184,1.0
5185,1.0
5186,1.0
5187,1.0
5188,1.0
5189,1.0
5190,1.0
5191,1.0
5192,1.0
5193,1.0
5194,1.0
5195,1.0
5196,1.0
5197,1.0
5198,1.0
5199,1.0
5200,1.0
5201,1.0
5202,1.0
5203,1.0
5204,1.0
5205,1.0
5206,1.0
5207,1.0
5208,1.0
5209,1.0
5210,1.0
5211,1.0
5212,1.0
5213,1.0
5214,1.0
5215,1.0
5216,1.0
5217,1.0
5218,1.0
5219,1.0
5220,1.0
5221,1.0
5222,1.0
5223,1.0
5224,1.0
5225,1.0
5226,1.0
5227,1.0
5228,1.0
5229,1.0
5230,1.0
5231,1.0
5232,1.0
5233,1.0
5234,1.0
5235,1.0
5236,1.0
5237,1.0
5238,1.0
5239,1.0
5240,1.0
5241,1.0
5242,1.0
5243,1.0
5244,1.0
5245,1.0
5246,1.0
5247,1.0
5248,1.0
5249,1.0
5250,1.0
5251,1.0
5252,1.0
5253,1.0
5254,1.0
5255,1.0
5256,1.0
5257,1.0
5258,1.0
5259,1.0
5260,1.0
5261,1.0
5262,1.0
5263,1.0
5264,1.0
5265,1.0
5266,1.0
5267,1.0
5268,1.0
5269,1.0
5270,1.0
5271,1.0
5272,1.0
5273,1.0
5274,1.0
5275,1.0
5276,1.0
5277,1.0
5278,1.0
5279,1.0
5280,1.0
5281,1.0
5282,1.0
5283,1.0
5284,1.0
5285,1.0
5286,1.0
5287,1.0
5288,1.0
5289,1.0
5290,1.0
5291,1.0
5292,1.0
5293,1.0
5294,1.0
5295,1.0
5296,1.0
5297,1.0
5298,1.0
5299,1.0
5300,1.0
5301,1.0
5302,1.0
5303,1.0
5304,1.0
5305,1.0
5306,1.0
5307,1.0
5308,1.0
5309,1.0
5310,1.0
5311,1.0
5312,1.0
5313,1.0
5314,1.0
5315,1.0
5316,1.0
5317,1.0
5318,1.0
5319,1.0
5320,1.0
5321,1.0
5322,1.0
5323,1.0
5324,1.0
5325,1.0
5326,1.0
5327,1.0
5328,1.0
5329,1.0
5330,1.0
5331,1.0
5332,1.0
5333,1.0
5334,1.0
5335,1.0
5336,1.0
5337,1.0
5338,1.0
5339,1.0
5340,1.0
5341,1.0
5342,1.0
5343,1.0
5344,1.0
5345,1.0
5346,1.0
5347,1.0
5348,1.0
5349,1.0
5350,1.0
5351,1.0
5352,1.0
5353,1.0
5354,1.0
5355,1.0
5356,1.0
5357,1.0
5358,1.0
5359,1.0
5360,1.0
5361,1.0
5362,1.0
5363,1.0
5364,1.0
5365,1.0
5366,1.0
5367,1.0
5368,1.0
5369,1.0
5370,1.0
5371,1.0
5372,1.0
5373,1.0
5374,1.0
5375,1.0
5376,1.0
5377,1.0
5378,1.0
5379,1.0
5380,1.0
5381,1.0
5382,1.0
5383,1.0
5384,1.0
5385,1.0
5386,1.0
5387,1.0
5388,1.0
5389,1.0
5390,1.0
5391,1.0
5392,1.0
5393,1.0
5394,1.0
5395,1.0
5396,1.0
5397,1.0
5398,1.0
5399,1.0
5400,1.0
5401,1.0
5402,1.0
5403,1.0
5404,1.0
5405,1.0
5406,1.0
5407,1.0
5408,1.0
5409,1.0
5410,1.0
5411,1.0
5412,1.0
5413,1.0
5414,1.0
5415,1.0
5416,1.0
5417,1.0
5418,1.0
5419,1.0
5420,1.0
5421,1.0
5422,1.0
5423,1.0
5424,1.0
5425,1.0
5426,1.0
5427,1.0
5428,1.0
5429,1.0
5430,1.0
5431,1.0
5432,1.0
5433,1.0
5434,1.0
5435,1.0
5436,1.0
5437,1.0
5438,1.0
5439,1.0
5440,1.0
5441,1.0
5442,1.0
5443,1.0
5444,1.0
5445,1.0
5446,1.0
5447,1.0
5448,1.0
5449,1.0
5450,1.0
5451,1.0
5452,1.0
5453,1.0
5454,1.0
5455,1.0
5456,1.0
5457,1.0
5458,1.0
5459,1.0
5460,1.0
5461,1.0
5462,1.0
5463,1.0
5464,1.0
5465,1.0
5466,1.0
5467,1.0
5468,1.0
5469,1.0
5470,1.0
5471,1.0
5472,1.0
5473,1.0
5474,1.0
5475,1.0
5476,1.0
5477,1.0
5478,1.0
5479,1.0
5480,1.0
5481,1.0
5482,1.0
5483,1.0
5484,1.0
5485,1.0
5486,1.0
5487,1.0
5488,1.0
5489,1.0
5490,1.0
5491,1.0
5492,1.0
5493,1.0
5494,1.0
5495,1.0
5496,1.0
5497,1.0
5498,1.0
5499,1.0
5500,1.0
5501,1.0
5502,1.0
5503,1.0
5504,1.0
5505,1.0
5506,1.0
5507,1.0
5508,1.0
5509,1.0
5510,1.0
5511,1.0
5512,1.0
5513,1.0
5514,1.0
5515,1.0
5516,1.0
5517,1.0
5518,1.0
5519,1.0
5520,1.0
5521,1.0
5522,1.0
5523,1.0
5524,1.0
5525,1.0
5526,1.0
5527,1.0
5528,1.0
5529,1.0
5530,1.0
5531,1.0
5532,1.0
5533,1.0
5534,1.0
5535,1.0
5536,1.0
5537,1.0
5538,1.0
5539,1.0
5540,1.0
5541,1.0
5542,1.0
5543,1.0
5544,1.0
5545,1.0
5546,1.0
5547,1.0
5548,1.0
5549,1.0
5550,1.0
5551,1.0
5552,1.0
5553,1.0
5554,1.0
5555,1.0
5556,1.0
5557,1.0
5558,1.0
5559,1.0
5560,1.0
5561,1.0
5562,1.0
5563,1.0
5564,1.0
5565,1.0
5566,1.0
5567,1.0
5568,1.0
5569,1.0
5570,1.0
5571,1.0
5572,1.0
5573,1.0
5574,1.0
5575,1.0
5576,1.0
5577,1.0
5578,1.0
5579,1.0
5580,1.0
5581,1.0
5582,1.0
5583,1.0
5584,1.0
5585,1.0
5586,1.0
5587,1.0
5588,1.0
5589,1.0
5590,1.0
5591,1.0
5592,1.0
5593,1.0
5594,1.0
5595,1.0
5596,1.0
5597,1.0
5598,1.0
5599,1.0
5600,1.0
5601,1.0
5602,1.0
5603,1.0
5604,1.0
5605,1.0
5606,1.0
5607,1.0
5608,1.0
5609,1.0
5610,1.0
5611,1.0
5612,1.0
5613,1.0
5614,1.0
5615,1.0
5616,1.0
5617,1.0
5618,1.0
5619,1.0
5620,1.0
5621,1.0
5622,1.0
5623,1.0
5624,1.0
5625,1.0
5626,1.0
5627,1.0
5628,1.0
5629,1.0
5630,1.0
5631,1.0
5632,1.0
5633,1.0
5634,1.0
5635,1.0
5636,1.0
5637,1.0
5638,1.0
5639,1.0
5640,1.0
5641,1.0
5642,1.0
5643,1.0
5644,1.0
5645,1.0
5646,1.0
5647,1.0
5648,1.0
5649,1.0
5650,1.0
5651,1.0
5652,1.0
5653,1.0
5654,1.0
5655,1.0
5656,1.0
5657,1.0
5658,1.0
5659,1.0
5660,1.0
5661,1.0
5662,1.0
5663,1.0
5664,1.0
5665,1.0
5666,1.0
5667,1.0
5668,1.0
5669,1.0
5670,1.0
5671,1.0
5672,1.0
5673,1.0
5674,1.0
5675,1.0
5676,1.0
5677,1.0
5678,1.0
5679,1.0
5680,1.0
5681,1.0
5682,1.0
5683,1.0
5684,1.0
5685,1.0
5686,1.0
5687,1.0
5688,1.0
5689,1.0
5690,1.0
5691,1.0
5692,1.0
5693,1.0
5694,1.0
5695,1.0
5696,1.0
5697,1.0
5698,1.0
5699,1.0
5700,1.0
5701,1.0
5702,1.0
5703,1.0
5704,1.0
5705,1.0
5706,1.0
5707,1.0
5708,1.0
5709,1.0
5710,1.0
5711,1.0
5712,1.0
5713,1.0
5714,1.0
5715,1.0
5716,1.0
5717,1.0
5718,1.0
5719,1.0
5720,1.0
5721,1.0
5722,1.0
5723,1.0
5724,1.0
5725,1.0
5726,1.0
5727,1.0
5728,1.0
5729,1.0
5730,1.0
5731,1.0
5732,1.0
5733,1.0
5734,1.0
5735,1.0
5736,1.0
5737,1.0
5738,1.0
5739,1.0
5740,1.0
5741,1.0
5742,1.0
5743,1.0
5744,1.0
5745,1.0
5746,1.0
5747,1.0
5748,1.0
5749,1.0
5750,1.0
5751,1.0
5752,1.0
5753,1.0
5754,1.0
5755,1.0
5756,1.0
5757,1.0
5758,1.0
5759,1.0
5760,1.0
5761,1.0
5762,1.0
5763,1.0
5764,1.0
5765,1.0
5766,1.0
5767,1.0
5768,1.0
5769,1.0
5770,1.0
5771,1.0
5772,1.0
5773,1.0
5774,1.0
5775,1.0
5776,1.0
5777,1.0
5778,1.0
5779,1.0
5780,1.0
5781,1.0
5782,1.0
5783,1.0
5784,1.0
5785,1.0
5786,1.0
5787,1.0
5788,1.0
5789,1.0
5790,1.0
5791,1.0
5792,1.0
5793,1.0
5794,1.0
5795,1.0
5796,1.0
5797,1.0
5798,1.0
5799,1.0
5800,1.0
5801,1.0
5802,1.0
5803,1.0
5804,1.0
5805,1.0
5806,1.0
5807,1.0
5808,1.0
5809,1.0
5810,1.0
5811,1.0
5812,1.0
5813,1.0
5814,1.0
5815,1.0
5816,1.0
5817,1.0
5818,1.0
5819,1.0
5820,1.0
5821,1.0
5822,1.0
5823,1.0
5824,1.0
5825,1.0
5826,1.0
5827,1.0
5828,1.0
5829,1.0
5830,1.0
5831,1.0
5832,1.0
5833,1.0
5834,1.0
5835,1.0
5836,1.0
5837,1.0
5838,1.0
5839,1.0
5840,1.0
5841,1.0
5842,1.0
5843,1.0
5844,1.0
5845,1.0
5846,1.0
5847,1.0
5848,1.0
5849,1.0
5850,1.0
5851,1.0
5852,1.0
5853,1.0
5854,1.0
5855,1.0
5856,1.0
5857,1.0
5858,1.0
5859,1.0
5860,1.0
5861,1.0
5862,1.0
5863,1.0
5864,1.0
5865,1.0
5866,1.0
5867,1.0
5868,1.0
5869,1.0
5870,1.0
5871,1.0
5872,1.0
5873,1.0
5874,1.0
5875,1.0
5876,1.0
5877,1.0
5878,1.0
5879,1.0
5880,1.0
5881,1.0
5882,1.0
5883,1.0
5884,1.0
5885,1.0
5886,1.0
5887,1.0
5888,1.0
5889,1.0
5890,1.0
5891,1.0
5892,1.0
5893,1.0
5894,1.0
5895,1.0
5896,1.0
5897,1.0
5898,1.0
5899,1.0
5900,1.0
5901,1.0
5902,1.0
5903,1.0
5904,1.0
5905,1.0
5906,1.0
5907,1.0
5908,1.0
5909,1.0
5910,1.0
5911,1.0
5912,1.0
5913,1.0
5914,1.0
5915,1.0
5916,1.0
5917,1.0
5918,1.0
5919,1.0
5920,1.0
5921,1.0
5922,1.0
5923,1.0
5924,1.0
5925,1.0
5926,1.0
5927,1.0
5928,1.0
5929,1.0
5930,1.0
5931,1.0
5932,1.0
5933,1.0
5934,1.0
5935,1.0
5936,1.0
5937,1.0
5938,1.0
5939,1.0
5940,1.0
5941,1.0
5942,1.0
5943,1.0
5944,1.0
5945,1.0
5946,1.0
5947,1.0
5948,1.0
5949,1.0
5950,1.0
5951,1.0
5952,1.0
5953,1.0
5954,1.0
5955,1.0
5956,1.0
5957,1.0
5958,1.0
5959,1.0
5960,1.0
5961,1.0
5962,1.0
5963,1.0
5964,1.0
5965,1.0
5966,1.0
5967,1.0
5968,1.0
5969,1.0
5970,1.0
5971,1.0
5972,1.0
5973,1.0
5974,1.0
5975,1.0
5976,1.0
5977,1.0
5978,1.0
5979,1.0
5980,1.0
5981,1.0
5982,1.0
5983,1.0
5984,1.0
5985,1.0
5986,1.0
5987,1.0
5988,1.0
5989,1.0
5990,1.0
5991,1.0
5992,1.0
5993,1.0
5994,1.0
5995,1.0
5996,1.0
5997,1.0
5998,1.0
5999,1.0
6000,1.0
6001,1.0
6002,1.0
6003,1.0
6004,1.0
6005,1.0
6006,1.0
6007,1.0
6008,1.0
6009,1.0
6010,1.0
6011,1.0
6012,1.0
6013,1.0
6014,1.0
6015,1.0
6016,1.0
6017,1.0
6018,1.0
6019,1.0
6020,1.0
6021,1.0
6022,1.0
6023,1.0
6024,1.0
6025,1.0
6026,1.0
6027,1.0
6028,1.0
6029,1.0
6030,1.0
6031,1.0
6032,1.0
6033,1.0
6034,1.0
6035,1.0
6036,1.0
6037,1.0
6038,1.0
6039,1.0
6040,1.0
6041,1.0
6042,1.0
6043,1.0
6044,1.0
6045,1.0
6046,1.0
6047,1.0
6048,1.0
6049,1.0
6050,1.0
6051,1.0
6052,1.0
6053,1.0
6054,1.0
6055,1.0
6056,1.0
6057,1.0
6058,1.0
6059,1.0
6060,1.0
6061,1.0
6062,1.0
6063,1.0
6064,1.0
6065,1.0
6066,1.0
6067,1.0
6068,1.0
6069,1.0
6070,1.0
6071,1.0
6072,1.0
6073,1.0
6074,1.0
6075,1.0
6076,1.0
6077,1.0
6078,1.0
6079,1.0
6080,1.0
6081,1.0
6082,1.0
6083,1.0
6084,1.0
6085,1.0
6086,1.0
6087,1.0
6088,1.0
6089,1.0
6090,1.0
6091,1.0
6092,1.0
6093,1.0
6094,1.0
6095,1.0
6096,1.0
6097,1.0
6098,1.0
6099,1.0
6100,1.0
6101,1.0
6102,1.0
6103,1.0
6104,1.0
6105,1.0
6106,1.0
6107,1.0
6108,1.0
6109,1.0
6110,1.0
6111,1.0
6112,1.0
6113,1.0
6114,1.0
6115,1.0
6116,1.0
6117,1.0
6118,1.0
6119,1.0
6120,1.0
6121,1.0
6122,1.0
6123,1.0
6124,1.0
6125,1.0
6126,1.0
6127,1.0
6128,1.0
6129,1.0
6130,1.0
6131,1.0
6132,1.0
6133,1.0
6134,1.0
6135,1.0
6136,1.0
6137,1.0
6138,1.0
6139,1.0
6140,1.0
6141,1.0
6142,1.0
6143,1.0
6144,1.0
6145,1.0
6146,1.0
6147,1.0
6148,1.0
6149,1.0
6150,1.0
6151,1.0
6152,1.0
6153,1.0
6154,1.0
6155,1.0
6156,1.0
6157,1.0
6158,1.0
6159,1.0
6160,1.0
6161,1.0
6162,1.0
6163,1.0
6164,1.0
6165,1.0
6166,1.0
6167,1.0
6168,1.0
6169,1.0
6170,1.0
6171,1.0
6172,1.0
6173,1.0
6174,1.0
6175,1.0
6176,1.0
6177,1.0
6178,1.0
6179,1.0
6180,1.0
6181,1.0
6182,1.0
6183,1.0
6184,1.0
6185,1.0
6186,1.0
6187,1.0
6188,1.0
6189,1.0
6190,1.0
6191,1.0
6192,1.0
6193,1.0
6194,1.0
6195,1.0
6196,1.0
6197,1.0
6198,1.0
6199,1.0
6200,1.0
6201,1.0
6202,1.0
6203,1.0
6204,1.0
6205,1.0
6206,1.0
6207,1.0
6208,1.0
6209,1.0
6210,1.0
6211,1.0
6212,1.0
6213,1.0
6214,1.0
6215,1.0
6216,1.0
6217,1.0
6218,1.0
6219,1.0
6220,1.0
6221,1.0
6222,1.0
6223,1.0
6224,1.0
6225,1.0
6226,1.0
6227,1.0
6228,1.0
6229,1.0
6230,1.0
6231,1.0
6232,1.0
6233,1.0
6234,1.0
6235,1.0
6236,1.0
6237,1.0
6238,1.0
6239,1.0
6240,1.0
6241,1.0
6242,1.0
6243,1.0
6244,1.0
6245,1.0
6246,1.0
6247,1.0
6248,1.0
6249,1.0
6250,1.0
6251,1.0
6252,1.0
6253,1.0
6254,1.0
6255,1.0
6256,1.0
6257,1.0
6258,1.0
6259,1.0
6260,1.0
6261,1.0
6262,1.0
6263,1.0
6264,1.0
6265,1.0
6266,1.0
6267,1.0
6268,1.0
6269,1.0
6270,1.0
6271,1.0
6272,1.0
6273,1.0
6274,1.0
6275,1.0
6276,1.0
6277,1.0
6278,1.0
6279,1.0
6280,1.0
6281,1.0
6282,1.0
6283,1.0
6284,1.0
6285,1.0
6286,1.0
6287,1.0
6288,1.0
6289,1.0
6290,1.0
6291,1.0
6292,1.0
6293,1.0
6294,1.0
6295,1.0
6296,1.0
6297,1.0
6298,1.0
6299,1.0
6300,1.0
6301,1.0
6302,1.0
6303,1.0
6304,1.0
6305,1.0
6306,1.0
6307,1.0
6308,1.0
6309,1.0
6310,1.0
6311,1.0
6312,1.0
6313,1.0
6314,1.0
6315,1.0
6316,1.0
6317,1.0
6318,1.0
6319,1.0
6320,1.0
6321,1.0
6322,1.0
6323,1.0
6324,1.0
6325,1.0
6326,1.0
6327,1.0
6328,1.0
6329,1.0
6330,1.0
6331,1.0
6332,1.0
6333,1.0
6334,1.0
6335,1.0
6336,1.0
6337,1.0
6338,1.0
6339,1.0
6340,1.0
6341,1.0
6342,1.0
6343,1.0
6344,1.0
6345,1.0
6346,1.0
6347,1.0
6348,1.0
6349,1.0
6350,1.0
6351,1.0
6352,1.0
6353,1.0
6354,1.0
6355,1.0
6356,1.0
6357,1.0
6358,1.0
6359,1.0
6360,1.0
6361,1.0
6362,1.0
6363,1.0
6364,1.0
6365,1.0
6366,1.0
6367,1.0
6368,1.0
6369,1.0
6370,1.0
6371,1.0
6372,1.0
6373,1.0
6374,1.0
6375,1.0
6376,1.0
6377,1.0
6378,1.0
6379,1.0
6380,1.0
6381,1.0
6382,1.0
6383,1.0
6384,1.0
6385,1.0
6386,1.0
6387,1.0
6388,1.0
6389,1.0
6390,1.0
6391,1.0
6392,1.0
6393,1.0
6394,1.0
6395,1.0
6396,1.0
6397,1.0
6398,1.0
6399,1.0
6400,1.0
6401,1.0
6402,1.0
6403,1.0
6404,1.0
6405,1.0
6406,1.0
6407,1.0
6408,1.0
6409,1.0
6410,1.0
6411,1.0
6412,1.0
6413,1.0
6414,1.0
6415,1.0
6416,1.0
6417,1.0
6418,1.0
6419,1.0
6420,1.0
6421,1.0
6422,1.0
6423,1.0
6424,1.0
6425,1.0
6426,1.0
6427,1.0
6428,1.0
6429,1.0
6430,1.0
6431,1.0
6432,1.0
6433,1.0
6434,1.0
6435,1.0
6436,1.0
6437,1.0
6438,1.0
6439,1.0
6440,1.0
6441,1.0
6442,1.0
6443,1.0
6444,1.0
6445,1.0
6446,1.0
6447,1.0
6448,1.0
6449,1.0
6450,1.0
6451,1.0
6452,1.0
6453,1.0
6454,1.0
6455,1.0
6456,1.0
6457,1.0
6458,1.0
6459,1.0
6460,1.0
6461,1.0
6462,1.0
6463,1.0
6464,1.0
6465,1.0
6466,1.0
6467,1.0
6468,1.0
6469,1.0
6470,1.0
6471,1.0
6472,1.0
6473,1.0
6474,1.0
6475,1.0
6476,1.0
6477,1.0
6478,1.0
6479,1.0
6480,1.0
6481,1.0
6482,1.0
6483,1.0
6484,1.0
6485,1.0
6486,1.0
6487,1.0
6488,1.0
6489,1.0
6490,1.0
6491,1.0
6492,1.0
6493,1.0
6494,1.0
6495,1.0
6496,1.0
6497,1.0
6498,1.0
6499,1.0
6500,1.0
6501,1.0
6502,1.0
6503,1.0
6504,1.0
6505,1.0
6506,1.0
6507,1.0
6508,1.0
6509,1.0
6510,1.0
6511,1.0
6512,1.0
6513,1.0
6514,1.0
6515,1.0
6516,1.0
6517,1.0
6518,1.0
6519,1.0
6520,1.0
6521,1.0
6522,1.0
6523,1.0
6524,1.0
6525,1.0
6526,1.0
6527,1.0
6528,1.0
6529,1.0
6530,1.0
6531,1.0
6532,1.0
6533,1.0
6534,1.0
6535,1.0
6536,1.0
6537,1.0
6538,1.0
6539,1.0
6540,1.0
6541,1.0
6542,1.0
6543,1.0
6544,1.0
6545,1.0
6546,1.0
6547,1.0
6548,1.0
6549,1.0
6550,1.0
6551,1.0
6552,1.0
6553,1.0
6554,1.0
6555,1.0
6556,1.0
6557,1.0
6558,1.0
6559,1.0
6560,1.0
6561,1.0
6562,1.0
6563,1.0
6564,1.0
6565,1.0
6566,1.0
6567,1.0
6568,1.0
6569,1.0
6570,1.0
6571,1.0
6572,1.0
6573,1.0
6574,1.0
6575,1.0
6576,1.0
6577,1.0
6578,1.0
6579,1.0
6580,1.0
6581,1.0
6582,1.0
6583,1.0
6584,1.0
6585,1.0
6586,1.0
6587,1.0
6588,1.0
6589,1.0
6590,1.0
6591,1.0
6592,1.0
6593,1.0
6594,1.0
6595,1.0
6596,1.0
6597,1.0
6598,1.0
6599,1.0
6600,1.0
6601,1.0
6602,1.0
6603,1.0
6604,1.0
6605,1.0
6606,1.0
6607,1.0
6608,1.0
6609,1.0
6610,1.0
6611,1.0
6612,1.0
6613,1.0
6614,1.0
6615,1.0
6616,1.0
6617,1.0
6618,1.0
6619,1.0
6620,1.0
6621,1.0
6622,1.0
6623,1.0
6624,1.0
6625,1.0
6626,1.0
6627,1.0
6628,1.0
6629,1.0
6630,1.0
6631,1.0
6632,1.0
6633,1.0
6634,1.0
6635,1.0
6636,1.0
6637,1.0
6638,1.0
6639,1.0
6640,1.0
6641,1.0
6642,1.0
6643,1.0
6644,1.0
6645,1.0
6646,1.0
6647,1.0
6648,1.0
6649,1.0
6650,1.0
6651,1.0
6652,1.0
6653,1.0
6654,1.0
6655,1.0
6656,1.0
6657,1.0
6658,1.0
6659,1.0
6660,1.0
6661,1.0
6662,1.0
6663,1.0
6664,1.0
6665,1.0
6666,1.0
6667,1.0
6668,1.0
6669,1.0
6670,1.0
6671,1.0
6672,1.0
6673,1.0
6674,1.0
6675,1.0
6676,1.0
6677,1.0
6678,1.0
6679,1.0
6680,1.0
6681,1.0
6682,1.0
6683,1.0
6684,1.0
6685,1.0
6686,1.0
6687,1.0
6688,1.0
6689,1.0
6690,1.0
6691,1.0
6692,1.0
6693,1.0
6694,1.0
6695,1.0
6696,1.0
6697,1.0
6698,1.0
6699,1.0
6700,1.0
6701,1.0
6702,1.0
6703,1.0
6704,1.0
6705,1.0
6706,1.0
6707,1.0
6708,1.0
6709,1.0
6710,1.0
6711,1.0
6712,1.0
6713,1.0
6714,1.0
6715,1.0
6716,1.0
6717,1.0
6718,1.0
6719,1.0
6720,1.0
6721,1.0
6722,1.0
6723,1.0
6724,1.0
6725,1.0
6726,1.0
6727,1.0
6728,1.0
6729,1.0
6730,1.0
6731,1.0
6732,1.0
6733,1.0
6734,1.0
6735,1.0
6736,1.0
6737,1.0
6738,1.0
6739,1.0
6740,1.0
6741,1.0
6742,1.0
6743,1.0
6744,1.0
6745,1.0
6746,1.0
6747,1.0
6748,1.0
6749,1.0
6750,1.0
6751,1.0
6752,1.0
6753,1.0
6754,1.0
6755,1.0
6756,1.0
6757,1.0
6758,1.0
6759,1.0
6760,1.0
6761,1.0
6762,1.0
6763,1.0
6764,1.0
6765,1.0
6766,1.0
6767,1.0
6768,1.0
6769,1.0
6770,1.0
6771,1.0
6772,1.0
6773,1.0
6774,1.0
6775,1.0
6776,1.0
6777,1.0
6778,1.0
6779,1.0
6780,1.0
6781,1.0
6782,1.0
6783,1.0
6784,1.0
6785,1.0
6786,1.0
6787,1.0
6788,1.0
6789,1.0
6790,1.0
6791,1.0
6792,1.0
6793,1.0
6794,1.0
6795,1.0
6796,1.0
6797,1.0
6798,1.0
6799,1.0
6800,1.0
6801,1.0
6802,1.0
6803,1.0
6804,1.0
6805,1.0
6806,1.0
6807,1.0
6808,1.0
6809,1.0
6810,1.0
6811,1.0
6812,1.0
6813,1.0
6814,1.0
6815,1.0
6816,1.0
6817,1.0
6818,1.0
6819,1.0
6820,1.0
6821,1.0
6822,1.0
6823,1.0
6824,1.0
6825,1.0
6826,1.0
6827,1.0
6828,1.0
6829,1.0
6830,1.0
6831,1.0
6832,1.0
6833,1.0
6834,1.0
6835,1.0
6836,1.0
6837,1.0
6838,1.0
6839,1.0
6840,1.0
6841,1.0
6842,1.0
6843,1.0
6844,1.0
6845,1.0
6846,1.0
6847,1.0
6848,1.0
6849,1.0
6850,1.0
6851,1.0
6852,1.0
6853,1.0
6854,1.0
6855,1.0
6856,1.0
6857,1.0
6858,1.0
6859,1.0
6860,1.0
6861,1.0
6862,1.0
6863,1.0
6864,1.0
6865,1.0
6866,1.0
6867,1.0
6868,1.0
6869,1.0
6870,1.0
6871,1.0
6872,1.0
6873,1.0
6874,1.0
6875,1.0
6876,1.0
6877,1.0
6878,1.0
6879,1.0
6880,1.0
6881,1.0
6882,1.0
6883,1.0
6884,1.0
6885,1.0
6886,1.0
6887,1.0
6888,1.0
6889,1.0
6890,1.0
6891,1.0
6892,1.0
6893,1.0
6894,1.0
6895,1.0
6896,1.0
6897,1.0
6898,1.0
6899,1.0
6900,1.0
6901,1.0
6902,1.0
6903,1.0
6904,1.0
6905,1.0
6906,1.0
6907,1.0
6908,1.0
6909,1.0
6910,1.0
6911,1.0
6912,1.0
6913,1.0
6914,1.0
6915,1.0
6916,1.0
6917,1.0
6918,1.0
6919,1.0
6920,1.0
6921,1.0
6922,1.0
6923,1.0
6924,1.0
6925,1.0
6926,1.0
6927,1.0
6928,1.0
6929,1.0
6930,1.0
6931,1.0
6932,1.0
6933,1.0
6934,1.0
6935,1.0
6936,1.0
6937,1.0
6938,1.0
6939,1.0
6940,1.0
6941,1.0
6942,1.0
6943,1.0
6944,1.0
6945,1.0
6946,1.0
6947,1.0
6948,1.0
6949,1.0
6950,1.0
6951,1.0
6952,1.0
6953,1.0
6954,1.0
6955,1.0
6956,1.0
6957,1.0
6958,1.0
6959,1.0
6960,1.0
6961,1.0
6962,1.0
6963,1.0
6964,1.0
6965,1.0
6966,1.0
6967,1.0
6968,1.0
6969,1.0
6970,1.0
6971,1.0
6972,1.0
6973,1.0
6974,1.0
6975,1.0
6976,1.0
6977,1.0
6978,1.0
6979,1.0
6980,1.0
6981,1.0
6982,1.0
6983,1.0
6984,1.0
6985,1.0
6986,1.0
6987,1.0
6988,1.0
6989,1.0
6990,1.0
6991,1.0
6992,1.0
6993,1.0
6994,1.0
6995,1.0
6996,1.0
6997,1.0
6998,1.0
6999,1.0
7000,1.0
7001,1.0
7002,1.0
7003,1.0
7004,1.0
7005,1.0
7006,1.0
7007,1.0
7008,1.0
7009,1.0
7010,1.0
7011,1.0
7012,1.0
7013,1.0
7014,1.0
7015,1.0
7016,1.0
7017,1.0
7018,1.0
7019,1.0
7020,1.0
7021,1.0
7022,1.0
7023,1.0
7024,1.0
7025,1.0
7026,1.0
7027,1.0
7028,1.0
7029,1.0
7030,1.0
7031,1.0
7032,1.0
7033,1.0
7034,1.0
7035,1.0
7036,1.0
7037,1.0
7038,1.0
7039,1.0
7040,1.0
7041,1.0
7042,1.0
7043,1.0
7044,1.0
7045,1.0
7046,1.0
7047,1.0
7048,1.0
7049,1.0
7050,1.0
7051,1.0
7052,1.0
7053,1.0
7054,1.0
7055,1.0
7056,1.0
7057,1.0
7058,1.0
7059,1.0
7060,1.0
7061,1.0
7062,1.0
7063,1.0
7064,1.0
7065,1.0
7066,1.0
7067,1.0
7068,1.0
7069,1.0
7070,1.0
7071,1.0
7072,1.0
7073,1.0
7074,1.0
7075,1.0
7076,1.0
7077,1.0
7078,1.0
7079,1.0
7080,1.0
7081,1.0
7082,1.0
7083,1.0
7084,1.0
7085,1.0
7086,1.0
7087,1.0
7088,1.0
7089,1.0
7090,1.0
7091,1.0
7092,1.0
7093,1.0
7094,1.0
7095,1.0
7096,1.0
7097,1.0
7098,1.0
7099,1.0
7100,1.0
7101,1.0
7102,1.0
7103,1.0
7104,1.0
7105,1.0
7106,1.0
7107,1.0
7108,1.0
7109,1.0
7110,1.0
7111,1.0
7112,1.0
7113,1.0
7114,1.0
7115,1.0
7116,1.0
7117,1.0
7118,1.0
7119,1.0
7120,1.0
7121,1.0
7122,1.0
7123,1.0
7124,1.0
7125,1.0
7126,1.0
7127,1.0
7128,1.0
7129,1.0
7130,1.0
7131,1.0
7132,1.0
7133,1.0
7134,1.0
7135,1.0
7136,1.0
7137,1.0
7138,1.0
7139,1.0
7140,1.0
7141,1.0
7142,1.0
7143,1.0
7144,1.0
7145,1.0
7146,1.0
7147,1.0
7148,1.0
7149,1.0
7150,1.0
7151,1.0
7152,1.0
7153,1.0
7154,1.0
7155,1.0
7156,1.0
7157,1.0
7158,1.0
7159,1.0
7160,1.0
7161,1.0
7162,1.0
7163,1.0
7164,1.0
7165,1.0
7166,1.0
7167,1.0
7168,1.0
7169,1.0
7170,1.0
7171,1.0
7172,1.0
7173,1.0
7174,1.0
7175,1.0
7176,1.0
7177,1.0
7178,1.0
7179,1.0
7180,1.0
7181,1.0
7182,1.0
7183,1.0
7184,1.0
7185,1.0
7186,1.0
7187,1.0
7188,1.0
7189,1.0
7190,1.0
7191,1.0
7192,1.0
7193,1.0
7194,1.0
7195,1.0
7196,1.0
7197,1.0
7198,1.0
7199,1.0
7200,1.0
7201,1.0
7202,1.0
7203,1.0
7204,1.0
7205,1.0
7206,1.0
7207,1.0
7208,1.0
7209,1.0
7210,1.0
7211,1.0
7212,1.0
7213,1.0
7214,1.0
7215,1.0
7216,1.0
7217,1.0
7218,1.0
7219,1.0
7220,1.0
7221,1.0
7222,1.0
7223,1.0
7224,1.0
7225,1.0
7226,1.0
7227,1.0
7228,1.0
7229,1.0
7230,1.0
7231,1.0
7232,1.0
7233,1.0
7234,1.0
7235,1.0
7236,1.0
7237,1.0
7238,1.0
7239,1.0
7240,1.0
7241,1.0
7242,1.0
7243,1.0
7244,1.0
7245,1.0
7246,1.0
7247,1.0
7248,1.0
7249,1.0
7250,1.0
7251,1.0
7252,1.0
7253,1.0
7254,1.0
7255,1.0
7256,1.0
7257,1.0
7258,1.0
7259,1.0
7260,1.0
7261,1.0
7262,1.0
7263,1.0
7264,1.0
7265,1.0
7266,1.0
7267,1.0
7268,1.0
7269,1.0
7270,1.0
7271,1.0
7272,1.0
7273,1.0
7274,1.0
7275,1.0
7276,1.0
7277,1.0
7278,1.0
7279,1.0
7280,1.0
7281,1.0
7282,1.0
7283,1.0
7284,1.0
7285,1.0
7286,1.0
7287,1.0
7288,1.0
7289,1.0
7290,1.0
7291,1.0
7292,1.0
7293,1.0
7294,1.0
7295,1.0
7296,1.0
7297,1.0
7298,1.0
7299,1.0
7300,1.0
7301,1.0
7302,1.0
7303,1.0
7304,1.0
7305,1.0
7306,1.0
7307,1.0
7308,1.0
7309,1.0
7310,1.0
7311,1.0
7312,1.0
7313,1.0
7314,1.0
7315,1.0
7316,1.0
7317,1.0
7318,1.0
7319,1.0
7320,1.0
7321,1.0
7322,1.0
7323,1.0
7324,1.0
7325,1.0
7326,1.0
7327,1.0
7328,1.0
7329,1.0
7330,1.0
7331,1.0
7332,1.0
7333,1.0
7334,1.0
7335,1.0
7336,1.0
7337,1.0
7338,1.0
7339,1.0
7340,1.0
7341,1.0
7342,1.0
7343,1.0
7344,1.0
7345,1.0
7346,1.0
7347,1.0
7348,1.0
7349,1.0
7350,1.0
7351,1.0
7352,1.0
7353,1.0
7354,1.0
7355,1.0
7356,1.0
7357,1.0
7358,1.0
7359,1.0
7360,1.0
7361,1.0
7362,1.0
7363,1.0
7364,1.0
7365,1.0
7366,1.0
7367,1.0
7368,1.0
7369,1.0
7370,1.0
7371,1.0
7372,1.0
7373,1.0
7374,1.0
7375,1.0
7376,1.0
7377,1.0
7378,1.0
7379,1.0
7380,1.0
7381,1.0
7382,1.0
7383,1.0
7384,1.0
7385,1.0
7386,1.0
7387,1.0
7388,1.0
7389,1.0
7390,1.0
7391,1.0
7392,1.0
7393,1.0
7394,1.0
7395,1.0
7396,1.0
7397,1.0
7398,1.0
7399,1.0
7400,1.0
7401,1.0
7402,1.0
7403,1.0
7404,1.0
7405,1.0
7406,1.0
7407,1.0
7408,1.0
7409,1.0
7410,1.0
7411,1.0
7412,1.0
7413,1.0
7414,1.0
7415,1.0
7416,1.0
7417,1.0
7418,1.0
7419,1.0
7420,1.0
7421,1.0
7422,1.0
7423,1.0
7424,1.0
7425,1.0
7426,1.0
7427,1.0
7428,1.0
7429,1.0
7430,1.0
7431,1.0
7432,1.0
7433,1.0
7434,1.0
7435,1.0
7436,1.0
7437,1.0
7438,1.0
7439,1.0
7440,1.0
7441,1.0
7442,1.0
7443,1.0
7444,1.0
7445,1.0
7446,1.0
7447,1.0
7448,1.0
7449,1.0
7450,1.0
7451,1.0
7452,1.0
7453,1.0
7454,1.0
7455,1.0
7456,1.0
7457,1.0
7458,1.0
7459,1.0
7460,1.0
7461,1.0
7462,1.0
7463,1.0
7464,1.0
7465,1.0
7466,1.0
7467,1.0
7468,1.0
7469,1.0
7470,1.0
7471,1.0
7472,1.0
7473,1.0
7474,1.0
7475,1.0
7476,1.0
7477,1.0
7478,1.0
7479,1.0
7480,1.0
7481,1.0
7482,1.0
7483,1.0
7484,1.0
7485,1.0
7486,1.0
7487,1.0
7488,1.0
7489,1.0
7490,1.0
7491,1.0
7492,1.0
7493,1.0
7494,1.0
7495,1.0
7496,1.0
7497,1.0
7498,1.0
7499,1.0
7500,1.0
7501,1.0
7502,1.0
7503,1.0
7504,1.0
7505,1.0
7506,1.0
7507,1.0
7508,1.0
7509,1.0
7510,1.0
7511,1.0
7512,1.0
7513,1.0
7514,1.0
7515,1.0
7516,1.0
7517,1.0
7518,1.0
7519,1.0
7520,1.0
7521,1.0
7522,1.0
7523,1.0
7524,1.0
7525,1.0
7526,1.0
7527,1.0
7528,1.0
7529,1.0
7530,1.0
7531,1.0
7532,1.0
7533,1.0
7534,1.0
7535,1.0
7536,1.0
7537,1.0
7538,1.0
7539,1.0
7540,1.0
7541,1.0
7542,1.0
7543,1.0
7544,1.0
7545,1.0
7546,1.0
7547,1.0
7548,1.0
7549,1.0
7550,1.0
7551,1.0
7552,1.0
7553,1.0
7554,1.0
7555,1.0
7556,1.0
7557,1.0
7558,1.0
7559,1.0
7560,1.0
7561,1.0
7562,1.0
7563,1.0
7564,1.0
7565,1.0
7566,1.0
7567,1.0
7568,1.0
7569,1.0
7570,1.0
7571,1.0
7572,1.0
7573,1.0
7574,1.0
7575,1.0
7576,1.0
7577,1.0
7578,1.0
7579,1.0
7580,1.0
7581,1.0
7582,1.0
7583,1.0
7584,1.0
7585,1.0
7586,1.0
7587,1.0
7588,1.0
7589,1.0
7590,1.0
7591,1.0
7592,1.0
7593,1.0
7594,1.0
7595,1.0
7596,1.0
7597,1.0
7598,1.0
7599,1.0
7600,1.0
7601,1.0
7602,1.0
7603,1.0
7604,1.0
7605,1.0
7606,1.0
7607,1.0
7608,1.0
7609,1.0
7610,1.0
7611,1.0
7612,1.0
7613,1.0
7614,1.0
7615,1.0
7616,1.0
7617,1.0
7618,1.0
7619,1.0
7620,1.0
7621,1.0
7622,1.0
7623,1.0
7624,1.0
7625,1.0
7626,1.0
7627,1.0
7628,1.0
7629,1.0
7630,1.0
7631,1.0
7632,1.0
7633,1.0
7634,1.0
7635,1.0
7636,1.0
7637,1.0
7638,1.0
7639,1.0
7640,1.0
7641,1.0
7642,1.0
7643,1.0
7644,1.0
7645,1.0
7646,1.0
7647,1.0
7648,1.0
7649,1.0
7650,1.0
7651,1.0
7652,1.0
7653,1.0
7654,1.0
7655,1.0
7656,1.0
7657,1.0
7658,1.0
7659,1.0
7660,1.0
7661,1.0
7662,1.0
7663,1.0
7664,1.0
7665,1.0
7666,1.0
7667,1.0
7668,1.0
7669,1.0
7670,1.0
7671,1.0
7672,1.0
7673,1.0
7674,1.0
7675,1.0
7676,1.0
7677,1.0
7678,1.0
7679,1.0
7680,1.0
7681,1.0
7682,1.0
7683,1.0
7684,1.0
7685,1.0
7686,1.0
7687,1.0
7688,1.0
7689,1.0
7690,1.0
7691,1.0
7692,1.0
7693,1.0
7694,1.0
7695,1.0
7696,1.0
7697,1.0
7698,1.0
7699,1.0
7700,1.0
7701,1.0
7702,1.0
7703,1.0
7704,1.0
7705,1.0
7706,1.0
7707,1.0
7708,1.0
7709,1.0
7710,1.0
7711,1.0
7712,1.0
7713,1.0
7714,1.0
7715,1.0
7716,1.0
7717,1.0
7718,1.0
7719,1.0
7720,1.0
7721,1.0
7722,1.0
7723,1.0
7724,1.0
7725,1.0
7726,1.0
7727,1.0
7728,1.0
7729,1.0
7730,1.0
7731,1.0
7732,1.0
7733,1.0
7734,1.0
7735,1.0
7736,1.0
7737,1.0
7738,1.0
7739,1.0
7740,1.0
7741,1.0
7742,1.0
7743,1.0
7744,1.0
7745,1.0
7746,1.0
7747,1.0
7748,1.0
7749,1.0
7750,1.0
7751,1.0
7752,1.0
7753,1.0
7754,1.0
7755,1.0
7756,1.0
7757,1.0
7758,1.0
7759,1.0
7760,1.0
7761,1.0
7762,1.0
7763,1.0
7764,1.0
7765,1.0
7766,1.0
7767,1.0
7768,1.0
7769,1.0
7770,1.0
7771,1.0
7772,1.0
7773,1.0
7774,1.0
7775,1.0
7776,1.0
7777,1.0
7778,1.0
7779,1.0
7780,1.0
7781,1.0
7782,1.0
7783,1.0
7784,1.0
7785,1.0
7786,1.0
7787,1.0
7788,1.0
7789,1.0
7790,1.0
7791,1.0
7792,1.0
7793,1.0
7794,1.0
7795,1.0
7796,1.0
7797,1.0
7798,1.0
7799,1.0
7800,1.0
7801,1.0
7802,1.0
7803,1.0
7804,1.0
7805,1.0
7806,1.0
7807,1.0
7808,1.0
7809,1.0
7810,1.0
7811,1.0
7812,1.0
7813,1.0
7814,1.0
7815,1.0
7816,1.0
7817,1.0
7818,1.0
7819,1.0
7820,1.0
7821,1.0
7822,1.0
7823,1.0
7824,1.0
7825,1.0
7826,1.0
7827,1.0
7828,1.0
7829,1.0
7830,1.0
7831,1.0
7832,1.0
7833,1.0
7834,1.0
7835,1.0
7836,1.0
7837,1.0
7838,1.0
7839,1.0
7840,1.0
7841,1.0
7842,1.0
7843,1.0
7844,1.0
7845,1.0
7846,1.0
7847,1.0
7848,1.0
7849,1.0
7850,1.0
7851,1.0
7852,1.0
7853,1.0
7854,1.0
7855,1.0
7856,1.0
7857,1.0
7858,1.0
7859,1.0
7860,1.0
7861,1.0
7862,1.0
7863,1.0
7864,1.0
7865,1.0
7866,1.0
7867,1.0
7868,1.0
7869,1.0
7870,1.0
7871,1.0
7872,1.0
7873,1.0
7874,1.0
7875,1.0
7876,1.0
7877,1.0
7878,1.0
7879,1.0
7880,1.0
7881,1.0
7882,1.0
7883,1.0
7884,1.0
7885,1.0
7886,1.0
7887,1.0
7888,1.0
7889,1.0
7890,1.0
7891,1.0
7892,1.0
7893,1.0
7894,1.0
7895,1.0
7896,1.0
7897,1.0
7898,1.0
7899,1.0
7900,1.0
7901,1.0
7902,1.0
7903,1.0
7904,1.0
7905,1.0
7906,1.0
7907,1.0
7908,1.0
7909,1.0
7910,1.0
7911,1.0
7912,1.0
7913,1.0
7914,1.0
7915,1.0
7916,1.0
7917,1.0
7918,1.0
7919,1.0
7920,1.0
7921,1.0
7922,1.0
7923,1.0
7924,1.0
7925,1.0
7926,1.0
7927,1.0
7928,1.0
7929,1.0
7930,1.0
7931,1.0
7932,1.0
7933,1.0
7934,1.0
7935,1.0
7936,1.0
7937,1.0
7938,1.0
7939,1.0
7940,1.0
7941,1.0
7942,1.0
7943,1.0
7944,1.0
7945,1.0
7946,1.0
7947,1.0
7948,1.0
7949,1.0
7950,1.0
7951,1.0
7952,1.0
7953,1.0
7954,1.0
7955,1.0
7956,1.0
7957,1.0
7958,1.0
7959,1.0
7960,1.0
7961,1.0
7962,1.0
7963,1.0
7964,1.0
7965,1.0
7966,1.0
7967,1.0
7968,1.0
7969,1.0
7970,1.0
7971,1.0
7972,1.0
7973,1.0
7974,1.0
7975,1.0
7976,1.0
7977,1.0
7978,1.0
7979,1.0
7980,1.0
7981,1.0
7982,1.0
7983,1.0
7984,1.0
7985,1.0
7986,1.0
7987,1.0
7988,1.0
7989,1.0
7990,1.0
7991,1.0
7992,1.0
7993,1.0
7994,1.0
7995,1.0
7996,1.0
7997,1.0
7998,1.0
7999,1.0
8000,1.0
8001,1.0
8002,1.0
8003,1.0
8004,1.0
8005,1.0
8006,1.0
8007,1.0
8008,1.0
8009,1.0
8010,1.0
8011,1.0
8012,1.0
8013,1.0
8014,1.0
8015,1.0
8016,1.0
8017,1.0
8018,1.0
8019,1.0
8020,1.0
8021,1.0
8022,1.0
8023,1.0
8024,1.0
8025,1.0
8026,1.0
8027,1.0
8028,1.0
8029,1.0
8030,1.0
8031,1.0
8032,1.0
8033,1.0
8034,1.0
8035,1.0
8036,1.0
8037,1.0
8038,1.0
8039,1.0
8040,1.0
8041,1.0
8042,1.0
8043,1.0
8044,1.0
8045,1.0
8046,1.0
8047,1.0
8048,1.0
8049,1.0
8050,1.0
8051,1.0
8052,1.0
8053,1.0
8054,1.0
8055,1.0
8056,1.0
8057,1.0
8058,1.0
8059,1.0
8060,1.0
8061,1.0
8062,1.0
8063,1.0
8064,1.0
8065,1.0
8066,1.0
8067,1.0
8068,1.0
8069,1.0
8070,1.0
8071,1.0
8072,1.0
8073,1.0
8074,1.0
8075,1.0
8076,1.0
8077,1.0
8078,1.0
8079,1.0
8080,1.0
8081,1.0
8082,1.0
8083,1.0
8084,1.0
8085,1.0
8086,1.0
8087,1.0
8088,1.0
8089,1.0
8090,1.0
8091,1.0
8092,1.0
8093,1.0
8094,1.0
8095,1.0
8096,1.0
8097,1.0
8098,1.0
8099,1.0
8100,1.0
8101,1.0
8102,1.0
8103,1.0
8104,1.0
8105,1.0
8106,1.0
8107,1.0
8108,1.0
8109,1.0
8110,1.0
8111,1.0
8112,1.0
8113,1.0
8114,1.0
8115,1.0
8116,1.0
8117,1.0
8118,1.0
8119,1.0
8120,1.0
8121,1.0
8122,1.0
8123,1.0
8124,1.0
8125,1.0
8126,1.0
8127,1.0
8128,1.0
8129,1.0
8130,1.0
8131,1.0
8132,1.0
8133,1.0
8134,1.0
8135,1.0
8136,1.0
8137,1.0
8138,1.0
8139,1.0
8140,1.0
8141,1.0
8142,1.0
8143,1.0
8144,1.0
8145,1.0
8146,1.0
8147,1.0
8148,1.0
8149,1.0
8150,1.0
8151,1.0
8152,1.0
8153,1.0
8154,1.0
8155,1.0
8156,1.0
8157,1.0
8158,1.0
8159,1.0
8160,1.0
8161,1.0
8162,1.0
8163,1.0
8164,1.0
8165,1.0
8166,1.0
8167,1.0
8168,1.0
8169,1.0
8170,1.0
8171,1.0
8172,1.0
8173,1.0
8174,1.0
8175,1.0
8176,1.0
8177,1.0
8178,1.0
8179,1.0
8180,1.0
8181,1.0
8182,1.0
8183,1.0
8184,1.0
8185,1.0
8186,1.0
8187,1.0
8188,1.0
8189,1.0
8190,1.0
8191,1.0
8192,1.0
8193,1.0
8194,1.0
8195,1.0
8196,1.0
8197,1.0
8198,1.0
8199,1.0
8200,1.0
8201,1.0
8202,1.0
8203,1.0
8204,1.0
8205,1.0
8206,1.0
8207,1.0
8208,1.0
8209,1.0
8210,1.0
8211,1.0
8212,1.0
8213,1.0
8214,1.0
8215,1.0
8216,1.0
8217,1.0
8218,1.0
8219,1.0
8220,1.0
8221,1.0
8222,1.0
8223,1.0
8224,1.0
8225,1.0
8226,1.0
8227,1.0
8228,1.0
8229,1.0
8230,1.0
8231,1.0
8232,1.0
8233,1.0
8234,1.0
8235,1.0
8236,1.0
8237,1.0
8238,1.0
8239,1.0
8240,1.0
8241,1.0
8242,1.0
8243,1.0
8244,1.0
8245,1.0
8246,1.0
8247,1.0
8248,1.0
8249,1.0
8250,1.0
8251,1.0
8252,1.0
8253,1.0
8254,1.0
8255,1.0
8256,1.0
8257,1.0
8258,1.0
8259,1.0
8260,1.0
8261,1.0
8262,1.0
8263,1.0
8264,1.0
8265,1.0
8266,1.0
8267,1.0
8268,1.0
8269,1.0
8270,1.0
8271,1.0
8272,1.0
8273,1.0
8274,1.0
8275,1.0
8276,1.0
8277,1.0
8278,1.0
8279,1.0
8280,1.0
8281,1.0
8282,1.0
8283,1.0
8284,1.0
8285,1.0
8286,1.0
8287,1.0
8288,1.0
8289,1.0
8290,1.0
8291,1.0
8292,1.0
8293,1.0
8294,1.0
8295,1.0
8296,1.0
8297,1.0
8298,1.0
8299,1.0
8300,1.0
8301,1.0
8302,1.0
8303,1.0
8304,1.0
8305,1.0
8306,1.0
8307,1.0
8308,1.0
8309,1.0
8310,1.0
8311,1.0
8312,1.0
8313,1.0
8314,1.0
8315,1.0
8316,1.0
8317,1.0
8318,1.0
8319,1.0
8320,1.0
8321,1.0
8322,1.0
8323,1.0
8324,1.0
8325,1.0
8326,1.0
8327,1.0
8328,1.0
8329,1.0
8330,1.0
8331,1.0
8332,1.0
8333,1.0
8334,1.0
8335,1.0
8336,1.0
8337,1.0
8338,1.0
8339,1.0
8340,1.0
8341,1.0
8342,1.0
8343,1.0
8344,1.0
8345,1.0
8346,1.0
8347,1.0
8348,1.0
8349,1.0
8350,1.0
8351,1.0
8352,1.0
8353,1.0
8354,1.0
8355,1.0
8356,1.0
8357,1.0
8358,1.0
8359,1.0
8360,1.0
8361,1.0
8362,1.0
8363,1.0
8364,1.0
8365,1.0
8366,1.0
8367,1.0
8368,1.0
8369,1.0
8370,1.0
8371,1.0
8372,1.0
8373,1.0
8374,1.0
8375,1.0
8376,1.0
8377,1.0
8378,1.0
8379,1.0
8380,1.0
8381,1.0
8382,1.0
8383,1.0
8384,1.0
8385,1.0
8386,1.0
8387,1.0
8388,1.0
8389,1.0
8390,1.0
8391,1.0
8392,1.0
8393,1.0
8394,1.0
8395,1.0
8396,1.0
8397,1.0
8398,1.0
8399,1.0
8400,1.0
8401,1.0
8402,1.0
8403,1.0
8404,1.0
8405,1.0
8406,1.0
8407,1.0
8408,1.0
8409,1.0
8410,1.0
8411,1.0
8412,1.0
8413,1.0
8414,1.0
8415,1.0
8416,1.0
8417,1.0
8418,1.0
8419,1.0
8420,1.0
8421,1.0
8422,1.0
8423,1.0
8424,1.0
8425,1.0
8426,1.0
8427,1.0
8428,1.0
8429,1.0
8430,1.0
8431,1.0
8432,1.0
8433,1.0
8434,1.0
8435,1.0
8436,1.0
8437,1.0
8438,1.0
8439,1.0
8440,1.0
8441,1.0
8442,1.0
8443,1.0
8444,1.0
8445,1.0
8446,1.0
8447,1.0
8448,1.0
8449,1.0
8450,1.0
8451,1.0
8452,1.0
8453,1.0
8454,1.0
8455,1.0
8456,1.0
8457,1.0
8458,1.0
8459,1.0
8460,1.0
8461,1.0
8462,1.0
8463,1.0
8464,1.0
8465,1.0
8466,1.0
8467,1.0
8468,1.0
8469,1.0
8470,1.0
8471,1.0
8472,1.0
8473,1.0
8474,1.0
8475,1.0
8476,1.0
8477,1.0
8478,1.0
8479,1.0
8480,1.0
8481,1.0
8482,1.0
8483,1.0
8484,1.0
8485,1.0
8486,1.0
8487,1.0
8488,1.0
8489,1.0
8490,1.0
8491,1.0
8492,1.0
8493,1.0
8494,1.0
8495,1.0
8496,1.0
8497,1.0
8498,1.0
8499,1.0
8500,1.0
8501,1.0
8502,1.0
8503,1.0
8504,1.0
8505,1.0
8506,1.0
8507,1.0
8508,1.0
8509,1.0
8510,1.0
8511,1.0
8512,1.0
8513,1.0
8514,1.0
8515,1.0
8516,1.0
8517,1.0
8518,1.0
8519,1.0
8520,1.0
8521,1.0
8522,1.0
8523,1.0
8524,1.0
8525,1.0
8526,1.0
8527,1.0
8528,1.0
8529,1.0
8530,1.0
8531,1.0
8532,1.0
8533,1.0
8534,1.0
8535,1.0
8536,1.0
8537,1.0
8538,1.0
8539,1.0
8540,1.0
8541,1.0
8542,1.0
8543,1.0
8544,1.0
8545,1.0
8546,1.0
8547,1.0
8548,1.0
8549,1.0
8550,1.0
8551,1.0
8552,1.0
8553,1.0
8554,1.0
8555,1.0
8556,1.0
8557,1.0
8558,1.0
8559,1.0
8560,1.0
8561,1.0
8562,1.0
8563,1.0
8564,1.0
8565,1.0
8566,1.0
8567,1.0
8568,1.0
8569,1.0
8570,1.0
8571,1.0
8572,1.0
8573,1.0
8574,1.0
8575,1.0
8576,1.0
8577,1.0
8578,1.0
8579,1.0
8580,1.0
8581,1.0
8582,1.0
8583,1.0
8584,1.0
8585,1.0
8586,1.0
8587,1.0
8588,1.0
8589,1.0
8590,1.0
8591,1.0
8592,1.0
8593,1.0
8594,1.0
8595,1.0
8596,1.0
8597,1.0
8598,1.0
8599,1.0
8600,1.0
8601,1.0
8602,1.0
8603,1.0
8604,1.0
8605,1.0
8606,1.0
8607,1.0
8608,1.0
8609,1.0
8610,1.0
8611,1.0
8612,1.0
8613,1.0
8614,1.0
8615,1.0
8616,1.0
8617,1.0
8618,1.0
8619,1.0
8620,1.0
8621,1.0
8622,1.0
8623,1.0
8624,1.0
8625,1.0
8626,1.0
8627,1.0
8628,1.0
8629,1.0
8630,1.0
8631,1.0
8632,1.0
8633,1.0
8634,1.0
8635,1.0
8636,1.0
8637,1.0
8638,1.0
8639,1.0
8640,1.0
8641,1.0
8642,1.0
8643,1.0
8644,1.0
8645,1.0
8646,1.0
8647,1.0
8648,1.0
8649,1.0
8650,1.0
8651,1.0
8652,1.0
8653,1.0
8654,1.0
8655,1.0
8656,1.0
8657,1.0
8658,1.0
8659,1.0
8660,1.0
8661,1.0
8662,1.0
8663,1.0
8664,1.0
8665,1.0
8666,1.0
8667,1.0
8668,1.0
8669,1.0
8670,1.0
8671,1.0
8672,1.0
8673,1.0
8674,1.0
8675,1.0
8676,1.0
8677,1.0
8678,1.0
8679,1.0
8680,1.0
8681,1.0
8682,1.0
8683,1.0
8684,1.0
8685,1.0
8686,1.0
8687,1.0
8688,1.0
8689,1.0
8690,1.0
8691,1.0
8692,1.0
8693,1.0
8694,1.0
8695,1.0
8696,1.0
8697,1.0
8698,1.0
8699,1.0
8700,1.0
8701,1.0
8702,1.0
8703,1.0
8704,1.0
8705,1.0
8706,1.0
8707,1.0
8708,1.0
8709,1.0
8710,1.0
8711,1.0
8712,1.0
8713,1.0
8714,1.0
8715,1.0
8716,1.0
8717,1.0
8718,1.0
8719,1.0
8720,1.0
8721,1.0
8722,1.0
8723,1.0
8724,1.0
8725,1.0
8726,1.0
8727,1.0
8728,1.0
8729,1.0
8730,1.0
8731,1.0
8732,1.0
8733,1.0
8734,1.0
8735,1.0
8736,1.0
8737,1.0
8738,1.0
8739,1.0
8740,1.0
8741,1.0
8742,1.0
8743,1.0
8744,1.0
8745,1.0
8746,1.0
8747,1.0
8748,1.0
8749,1.0
8750,1.0
8751,1.0
8752,1.0
8753,1.0
8754,1.0
8755,1.0
8756,1.0
8757,1.0
8758,1.0
8759,1.0
8760,1.0
8761,1.0
8762,1.0
8763,1.0
8764,1.0
8765,1.0
8766,1.0
8767,1.0
8768,1.0
8769,1.0
8770,1.0
8771,1.0
8772,1.0
8773,1.0
8774,1.0
8775,1.0
8776,1.0
8777,1.0
8778,1.0
8779,1.0
8780,1.0
8781,1.0
8782,1.0
8783,1.0
8784,1.0
8785,1.0
8786,1.0
8787,1.0
8788,1.0
8789,1.0
8790,1.0
8791,1.0
8792,1.0
8793,1.0
8794,1.0
8795,1.0
8796,1.0
8797,1.0
8798,1.0
8799,1.0
8800,1.0
8801,1.0
8802,1.0
8803,1.0
8804,1.0
8805,1.0
8806,1.0
8807,1.0
8808,1.0
8809,1.0
8810,1.0
8811,1.0
8812,1.0
8813,1.0
8814,1.0
8815,1.0
8816,1.0
8817,1.0
8818,1.0
8819,1.0
8820,1.0
8821,1.0
8822,1.0
8823,1.0
8824,1.0
8825,1.0
8826,1.0
8827,1.0
8828,1.0
8829,1.0
8830,1.0
8831,1.0
8832,1.0
8833,1.0
8834,1.0
8835,1.0
8836,1.0
8837,1.0
8838,1.0
8839,1.0
8840,1.0
8841,1.0
8842,1.0
8843,1.0
8844,1.0
8845,1.0
8846,1.0
8847,1.0
8848,1.0
8849,1.0
8850,1.0
8851,1.0
8852,1.0
8853,1.0
8854,1.0
8855,1.0
8856,1.0
8857,1.0
8858,1.0
8859,1.0
8860,1.0
8861,1.0
8862,1.0
8863,1.0
8864,1.0
8865,1.0
8866,1.0
8867,1.0
8868,1.0
8869,1.0
8870,1.0
8871,1.0
8872,1.0
8873,1.0
8874,1.0
8875,1.0
8876,1.0
8877,1.0
8878,1.0
8879,1.0
8880,1.0
8881,1.0
8882,1.0
8883,1.0
8884,1.0
8885,1.0
8886,1.0
8887,1.0
8888,1.0
8889,1.0
8890,1.0
8891,1.0
8892,1.0
8893,1.0
8894,1.0
8895,1.0
8896,1.0
8897,1.0
8898,1.0
8899,1.0
8900,1.0
8901,1.0
8902,1.0
8903,1.0
8904,1.0
8905,1.0
8906,1.0
8907,1.0
8908,1.0
8909,1.0
8910,1.0
8911,1.0
8912,1.0
8913,1.0
8914,1.0
8915,1.0
8916,1.0
8917,1.0
8918,1.0
8919,1.0
8920,1.0
8921,1.0
8922,1.0
8923,1.0
8924,1.0
8925,1.0
8926,1.0
8927,1.0
8928,1.0
8929,1.0
8930,1.0
8931,1.0
8932,1.0
8933,1.0
8934,1.0
8935,1.0
8936,1.0
8937,1.0
8938,1.0
8939,1.0
8940,1.0
8941,1.0
8942,1.0
8943,1.0
8944,1.0
8945,1.0
8946,1.0
8947,1.0
8948,1.0
8949,1.0
8950,1.0
8951,1.0
8952,1.0
8953,1.0
8954,1.0
8955,1.0
8956,1.0
8957,1.0
8958,1.0
8959,1.0
8960,1.0
8961,1.0
8962,1.0
8963,1.0
8964,1.0
8965,1.0
8966,1.0
8967,1.0
8968,1.0
8969,1.0
8970,1.0
8971,1.0
8972,1.0
8973,1.0
8974,1.0
8975,1.0
8976,1.0
8977,1.0
8978,1.0
8979,1.0
8980,1.0
8981,1.0
8982,1.0
8983,1.0
8984,1.0
8985,1.0
8986,1.0
8987,1.0
8988,1.0
8989,1.0
8990,1.0
8991,1.0
8992,1.0
8993,1.0
8994,1.0
8995,1.0
8996,1.0
8997,1.0
8998,1.0
8999,1.0
9000,1.0
9001,1.0
9002,1.0
9003,1.0
9004,1.0
9005,1.0
9006,1.0
9007,1.0
9008,1.0
9009,1.0
9010,1.0
9011,1.0
9012,1.0
9013,1.0
9014,1.0
9015,1.0
9016,1.0
9017,1.0
9018,1.0
9019,1.0
9020,1.0
9021,1.0
9022,1.0
9023,1.0
9024,1.0
9025,1.0
9026,1.0
9027,1.0
9028,1.0
9029,1.0
9030,1.0
9031,1.0
9032,1.0
9033,1.0
9034,1.0
9035,1.0
9036,1.0
9037,1.0
9038,1.0
9039,1.0
9040,1.0
9041,1.0
9042,1.0
9043,1.0
9044,1.0
9045,1.0
9046,1.0
9047,1.0
9048,1.0
9049,1.0
9050,1.0
9051,1.0
9052,1.0
9053,1.0
9054,1.0
9055,1.0
9056,1.0
9057,1.0
9058,1.0
9059,1.0
9060,1.0
9061,1.0
9062,1.0
9063,1.0
9064,1.0
9065,1.0
9066,1.0
9067,1.0
9068,1.0
9069,1.0
9070,1.0
9071,1.0
9072,1.0
9073,1.0
9074,1.0
9075,1.0
9076,1.0
9077,1.0
9078,1.0
9079,1.0
9080,1.0
9081,1.0
9082,1.0
9083,1.0
9084,1.0
9085,1.0
9086,1.0
9087,1.0
9088,1.0
9089,1.0
9090,1.0
9091,1.0
9092,1.0
9093,1.0
9094,1.0
9095,1.0
9096,1.0
9097,1.0
9098,1.0
9099,1.0
9100,1.0
9101,1.0
9102,1.0
9103,1.0
9104,1.0
9105,1.0
9106,1.0
9107,1.0
9108,1.0
9109,1.0
9110,1.0
9111,1.0
9112,1.0
9113,1.0
9114,1.0
9115,1.0
9116,1.0
9117,1.0
9118,1.0
9119,1.0
9120,1.0
9121,1.0
9122,1.0
9123,1.0
9124,1.0
9125,1.0
9126,1.0
9127,1.0
9128,1.0
9129,1.0
9130,1.0
9131,1.0
9132,1.0
9133,1.0
9134,1.0
9135,1.0
9136,1.0
9137,1.0
9138,1.0
9139,1.0
9140,1.0
9141,1.0
9142,1.0
9143,1.0
9144,1.0
9145,1.0
9146,1.0
9147,1.0
9148,1.0
9149,1.0
9150,1.0
9151,1.0
9152,1.0
9153,1.0
9154,1.0
9155,1.0
9156,1.0
9157,1.0
9158,1.0
9159,1.0
9160,1.0
9161,1.0
9162,1.0
9163,1.0
9164,1.0
9165,1.0
9166,1.0
9167,1.0
9168,1.0
9169,1.0
9170,1.0
9171,1.0
9172,1.0
9173,1.0
9174,1.0
9175,1.0
9176,1.0
9177,1.0
9178,1.0
9179,1.0
9180,1.0
9181,1.0
9182,1.0
9183,1.0
9184,1.0
9185,1.0
9186,1.0
9187,1.0
9188,1.0
9189,1.0
9190,1.0
9191,1.0
9192,1.0
9193,1.0
9194,1.0
9195,1.0
9196,1.0
9197,1.0
9198,1.0
9199,1.0
9200,1.0
9201,1.0
9202,1.0
9203,1.0
9204,1.0
9205,1.0
9206,1.0
9207,1.0
9208,1.0
9209,1.0
9210,1.0
9211,1.0
9212,1.0
9213,1.0
9214,1.0
9215,1.0
9216,1.0
9217,1.0
9218,1.0
9219,1.0
9220,1.0
9221,1.0
9222,1.0
9223,1.0
9224,1.0
9225,1.0
9226,1.0
9227,1.0
9228,1.0
9229,1.0
9230,1.0
9231,1.0
9232,1.0
9233,1.0
9234,1.0
9235,1.0
9236,1.0
9237,1.0
9238,1.0
9239,1.0
9240,1.0
9241,1.0
9242,1.0
9243,1.0
9244,1.0
9245,1.0
9246,1.0
9247,1.0
9248,1.0
9249,1.0
9250,1.0
9251,1.0
9252,1.0
9253,1.0
9254,1.0
9255,1.0
9256,1.0
9257,1.0
9258,1.0
9259,1.0
9260,1.0
9261,1.0
9262,1.0
9263,1.0
9264,1.0
9265,1.0
9266,1.0
9267,1.0
9268,1.0
9269,1.0
9270,1.0
9271,1.0
9272,1.0
9273,1.0
9274,1.0
9275,1.0
9276,1.0
9277,1.0
9278,1.0
9279,1.0
9280,1.0
9281,1.0
9282,1.0
9283,1.0
9284,1.0
9285,1.0
9286,1.0
9287,1.0
9288,1.0
9289,1.0
9290,1.0
9291,1.0
9292,1.0
9293,1.0
9294,1.0
9295,1.0
9296,1.0
9297,1.0
9298,1.0
9299,1.0
9300,1.0
9301,1.0
9302,1.0
9303,1.0
9304,1.0
9305,1.0
9306,1.0
9307,1.0
9308,1.0
9309,1.0
9310,1.0
9311,1.0
9312,1.0
9313,1.0
9314,1.0
9315,1.0
9316,1.0
9317,1.0
9318,1.0
9319,1.0
9320,1.0
9321,1.0
9322,1.0
9323,1.0
9324,1.0
9325,1.0
9326,1.0
9327,1.0
9328,1.0
9329,1.0
9330,1.0
9331,1.0
9332,1.0
9333,1.0
9334,1.0
9335,1.0
9336,1.0
9337,1.0
9338,1.0
9339,1.0
9340,1.0
9341,1.0
9342,1.0
9343,1.0
9344,1.0
9345,1.0
9346,1.0
9347,1.0
9348,1.0
9349,1.0
9350,1.0
9351,1.0
9352,1.0
9353,1.0
9354,1.0
9355,1.0
9356,1.0
9357,1.0
9358,1.0
9359,1.0
9360,1.0
9361,1.0
9362,1.0
9363,1.0
9364,1.0
9365,1.0
9366,1.0
9367,1.0
9368,1.0
9369,1.0
9370,1.0
9371,1.0
9372,1.0
9373,1.0
9374,1.0
9375,1.0
9376,1.0
9377,1.0
9378,1.0
9379,1.0
9380,1.0
9381,1.0
9382,1.0
9383,1.0
9384,1.0
9385,1.0
9386,1.0
9387,1.0
9388,1.0
9389,1.0
9390,1.0
9391,1.0
9392,1.0
9393,1.0
9394,1.0
9395,1.0
9396,1.0
9397,1.0
9398,1.0
9399,1.0
9400,1.0
9401,1.0
9402,1.0
9403,1.0
9404,1.0
9405,1.0
9406,1.0
9407,1.0
9408,1.0
9409,1.0
9410,1.0
9411,1.0
9412,1.0
9413,1.0
9414,1.0
9415,1.0
9416,1.0
9417,1.0
9418,1.0
9419,1.0
9420,1.0
9421,1.0
9422,1.0
9423,1.0
9424,1.0
9425,1.0
9426,1.0
9427,1.0
9428,1.0
9429,1.0
9430,1.0
9431,1.0
9432,1.0
9433,1.0
9434,1.0
9435,1.0
9436,1.0
9437,1.0
9438,1.0
9439,1.0
9440,1.0
9441,1.0
9442,1.0
9443,1.0
9444,1.0
9445,1.0
9446,1.0
9447,1.0
9448,1.0
9449,1.0
9450,1.0
9451,1.0
9452,1.0
9453,1.0
9454,1.0
9455,1.0
9456,1.0
9457,1.0
9458,1.0
9459,1.0
9460,1.0
9461,1.0
9462,1.0
9463,1.0
9464,1.0
9465,1.0
9466,1.0
9467,1.0
9468,1.0
9469,1.0
9470,1.0
9471,1.0
9472,1.0
9473,1.0
9474,1.0
9475,1.0
9476,1.0
9477,1.0
9478,1.0
9479,1.0
9480,1.0
9481,1.0
9482,1.0
9483,1.0
9484,1.0
9485,1.0
9486,1.0
9487,1.0
9488,1.0
9489,1.0
9490,1.0
9491,1.0
9492,1.0
9493,1.0
9494,1.0
9495,1.0
9496,1.0
9497,1.0
9498,1.0
9499,1.0
9500,1.0
9501,1.0
9502,1.0
9503,1.0
9504,1.0
9505,1.0
9506,1.0
9507,1.0
9508,1.0
9509,1.0
9510,1.0
9511,1.0
9512,1.0
9513,1.0
9514,1.0
9515,1.0
9516,1.0
9517,1.0
9518,1.0
9519,1.0
9520,1.0
9521,1.0
9522,1.0
9523,1.0
9524,1.0
9525,1.0
9526,1.0
9527,1.0
9528,1.0
9529,1.0
9530,1.0
9531,1.0
9532,1.0
9533,1.0
9534,1.0
9535,1.0
9536,1.0
9537,1.0
9538,1.0
9539,1.0
9540,1.0
9541,1.0
9542,1.0
9543,1.0
9544,1.0
9545,1.0
9546,1.0
9547,1.0
9548,1.0
9549,1.0
9550,1.0
9551,1.0
9552,1.0
9553,1.0
9554,1.0
9555,1.0
9556,1.0
9557,1.0
9558,1.0
9559,1.0
9560,1.0
9561,1.0
9562,1.0
9563,1.0
9564,1.0
9565,1.0
9566,1.0
9567,1.0
9568,1.0
9569,1.0
9570,1.0
9571,1.0
9572,1.0
9573,1.0
9574,1.0
9575,1.0
9576,1.0
9577,1.0
9578,1.0
9579,1.0
9580,1.0
9581,1.0
9582,1.0
9583,1.0
9584,1.0
9585,1.0
9586,1.0
9587,1.0
9588,1.0
9589,1.0
9590,1.0
9591,1.0
9592,1.0
9593,1.0
9594,1.0
9595,1.0
9596,1.0
9597,1.0
9598,1.0
9599,1.0
9600,1.0
9601,1.0
9602,1.0
9603,1.0
9604,1.0
9605,1.0
9606,1.0
9607,1.0
9608,1.0
9609,1.0
9610,1.0
9611,1.0
9612,1.0
9613,1.0
9614,1.0
9615,1.0
9616,1.0
9617,1.0
9618,1.0
9619,1.0
9620,1.0
9621,1.0
9622,1.0
9623,1.0
9624,1.0
9625,1.0
9626,1.0
9627,1.0
9628,1.0
9629,1.0
9630,1.0
9631,1.0
9632,1.0
9633,1.0
9634,1.0
9635,1.0
9636,1.0
9637,1.0
9638,1.0
9639,1.0
9640,1.0
9641,1.0
9642,1.0
9643,1.0
9644,1.0
9645,1.0
9646,1.0
9647,1.0
9648,1.0
9649,1.0
9650,1.0
9651,1.0
9652,1.0
9653,1.0
9654,1.0
9655,1.0
9656,1.0
9657,1.0
9658,1.0
9659,1.0
9660,1.0
9661,1.0
9662,1.0
9663,1.0
9664,1.0
9665,1.0
9666,1.0
9667,1.0
9668,1.0
9669,1.0
9670,1.0
9671,1.0
9672,1.0
9673,1.0
9674,1.0
9675,1.0
9676,1.0
9677,1.0
9678,1.0
9679,1.0
9680,1.0
9681,1.0
9682,1.0
9683,1.0
9684,1.0
9685,1.0
9686,1.0
9687,1.0
9688,1.0
9689,1.0
9690,1.0
9691,1.0
9692,1.0
9693,1.0
9694,1.0
9695,1.0
9696,1.0
9697,1.0
9698,1.0
9699,1.0
9700,1.0
9701,1.0
9702,1.0
9703,1.0
9704,1.0
9705,1.0
9706,1.0
9707,1.0
9708,1.0
9709,1.0
9710,1.0
9711,1.0
9712,1.0
9713,1.0
9714,1.0
9715,1.0
9716,1.0
9717,1.0
9718,1.0
9719,1.0
9720,1.0
9721,1.0
9722,1.0
9723,1.0
9724,1.0
9725,1.0
9726,1.0
9727,1.0
9728,1.0
9729,1.0
9730,1.0
9731,1.0
9732,1.0
9733,1.0
9734,1.0
9735,1.0
9736,1.0
9737,1.0
9738,1.0
9739,1.0
9740,1.0
9741,1.0
9742,1.0
9743,1.0
9744,1.0
9745,1.0
9746,1.0
9747,1.0
9748,1.0
9749,1.0
9750,1.0
9751,1.0
9752,1.0
9753,1.0
9754,1.0
9755,1.0
9756,1.0
9757,1.0
9758,1.0
9759,1.0
9760,1.0
9761,1.0
9762,1.0
9763,1.0
9764,1.0
9765,1.0
9766,1.0
9767,1.0
9768,1.0
9769,1.0
9770,1.0
9771,1.0
9772,1.0
9773,1.0
9774,1.0
9775,1.0
9776,1.0
9777,1.0
9778,1.0
9779,1.0
9780,1.0
9781,1.0
9782,1.0
9783,1.0
9784,1.0
9785,1.0
9786,1.0
9787,1.0
9788,1.0
9789,1.0
9790,1.0
9791,1.0
9792,1.0
9793,1.0
9794,1.0
9795,1.0
9796,1.0
9797,1.0
9798,1.0
9799,1.0
9800,1.0
9801,1.0
9802,1.0
9803,1.0
9804,1.0
9805,1.0
9806,1.0
9807,1.0
9808,1.0
9809,1.0
9810,1.0
9811,1.0
9812,1.0
9813,1.0
9814,1.0
9815,1.0
9816,1.0
9817,1.0
9818,1.0
9819,1.0
9820,1.0
9821,1.0
9822,1.0
9823,1.0
9824,1.0
9825,1.0
9826,1.0
9827,1.0
9828,1.0
9829,1.0
9830,1.0
9831,1.0
9832,1.0
9833,1.0
9834,1.0
9835,1.0
9836,1.0
9837,1.0
9838,1.0
9839,1.0
9840,1.0
9841,1.0
9842,1.0
9843,1.0
9844,1.0
9845,1.0
9846,1.0
9847,1.0
9848,1.0
9849,1.0
9850,1.0
9851,1.0
9852,1.0
9853,1.0
9854,1.0
9855,1.0
9856,1.0
9857,1.0
9858,1.0
9859,1.0
9860,1.0
9861,1.0
9862,1.0
9863,1.0
9864,1.0
9865,1.0
9866,1.0
9867,1.0
9868,1.0
9869,1.0
9870,1.0
9871,1.0
9872,1.0
9873,1.0
9874,1.0
9875,1.0
9876,1.0
9877,1.0
9878,1.0
9879,1.0
9880,1.0
9881,1.0
9882,1.0
9883,1.0
9884,1.0
9885,1.0
9886,1.0
9887,1.0
9888,1.0
9889,1.0
9890,1.0
9891,1.0
9892,1.0
9893,1.0
9894,1.0
9895,1.0
9896,1.0
9897,1.0
9898,1.0
9899,1.0
9900,1.0
9901,1.0
9902,1.0
9903,1.0
9904,1.0
9905,1.0
9906,1.0
9907,1.0
9908,1.0
9909,1.0
9910,1.0
9911,1.0
9912,1.0
9913,1.0
9914,1.0
9915,1.0
9916,1.0
9917,1.0
9918,1.0
9919,1.0
9920,1.0
9921,1.0
9922,1.0
9923,1.0
9924,1.0
9925,1.0
9926,1.0
9927,1.0
9928,1.0
9929,1.0
9930,1.0
9931,1.0
9932,1.0
9933,1.0
9934,1.0
9935,1.0
9936,1.0
9937,1.0
9938,1.0
9939,1.0
9940,1.0
9941,1.0
9942,1.0
9943,1.0
9944,1.0
9945,1.0
9946,1.0
9947,1.0
9948,1.0
9949,1.0
9950,1.0
9951,1.0
9952,1.0
9953,1.0
9954,1.0
9955,1.0
9956,1.0
9957,1.0
9958,1.0
9959,1.0
9960,1.0
9961,1.0
9962,1.0
9963,1.0
9964,1.0
9965,1.0
9966,1.0
9967,1.0
9968,1.0
9969,1.0
9970,1.0
9971,1.0
9972,1.0
9973,1.0
9974,1.0
9975,1.0
9976,1.0
9977,1.0
9978,1.0
9979,1.0
9980,1.0
9981,1.0
9982,1.0
9983,1.0
9984,1.0
9985,1.0
9986,1.0
9987,1.0
9988,1.0
9989,1.0
9990,1.0
9991,1.0
9992,1.0
9993,1.0
9994,1.0
9995,1.0
9996,1.0
9997,1.0
9998,1.0
9999,1.0
10000,1.0
10001,1.0
10002,1.0
10003,1.0
10004,1.0
10005,1.0
10006,1.0
10007,1.0
10008,1.0
10009,1.0
10010,1.0
10011,1.0
10012,1.0
10013,1.0
10014,1.0
10015,1.0
10016,1.0
10017,1.0
10018,1.0
10019,1.0
10020,1.0
10021,1.0
10022,1.0
10023,1.0
10024,1.0
10025,1.0
10026,1.0
10027,1.0
10028,1.0
10029,1.0
10030,1.0
10031,1.0
10032,1.0
10033,1.0
10034,1.0
10035,1.0
10036,1.0
10037,1.0
10038,1.0
10039,1.0
10040,1.0
10041,1.0
10042,1.0
10043,1.0
10044,1.0
10045,1.0
10046,1.0
10047,1.0
10048,1.0
10049,1.0
10050,1.0
10051,1.0
10052,1.0
10053,1.0
10054,1.0
10055,1.0
10056,1.0
10057,1.0
10058,1.0
10059,1.0
10060,1.0
10061,1.0
10062,1.0
10063,1.0
10064,1.0
10065,1.0
10066,1.0
10067,1.0
10068,1.0
10069,1.0
10070,1.0
10071,1.0
10072,1.0
10073,1.0
10074,1.0
10075,1.0
10076,1.0
10077,1.0
10078,1.0
10079,1.0
10080,1.0
10081,1.0
10082,1.0
10083,1.0
10084,1.0
10085,1.0
10086,1.0
10087,1.0
10088,1.0
10089,1.0
10090,1.0
10091,1.0
10092,1.0
10093,1.0
10094,1.0
10095,1.0
10096,1.0
10097,1.0
10098,1.0
10099,1.0
10100,1.0
10101,1.0
10102,1.0
10103,1.0
10104,1.0
10105,1.0
10106,1.0
10107,1.0
10108,1.0
10109,1.0
10110,1.0
10111,1.0
10112,1.0
10113,1.0
10114,1.0
10115,1.0
10116,1.0
10117,1.0
10118,1.0
10119,1.0
10120,1.0
10121,1.0
10122,1.0
10123,1.0
10124,1.0
10125,1.0
10126,1.0
10127,1.0
10128,1.0
10129,1.0
10130,1.0
10131,1.0
10132,1.0
10133,1.0
10134,1.0
10135,1.0
10136,1.0
10137,1.0
10138,1.0
10139,1.0
10140,1.0
10141,1.0
10142,1.0
10143,1.0
10144,1.0
10145,1.0
10146,1.0
10147,1.0
10148,1.0
10149,1.0
10150,1.0
10151,1.0
10152,1.0
10153,1.0
10154,1.0
10155,1.0
10156,1.0
10157,1.0
10158,1.0
10159,1.0
10160,1.0
10161,1.0
10162,1.0
10163,1.0
10164,1.0
10165,1.0
10166,1.0
10167,1.0
10168,1.0
10169,1.0
10170,1.0
10171,1.0
10172,1.0
10173,1.0
10174,1.0
10175,1.0
10176,1.0
10177,1.0
10178,1.0
10179,1.0
10180,1.0
10181,1.0
10182,1.0
10183,1.0
10184,1.0
10185,1.0
10186,1.0
10187,1.0
10188,1.0
10189,1.0
10190,1.0
10191,1.0
10192,1.0
10193,1.0
10194,1.0
10195,1.0
10196,1.0
10197,1.0
10198,1.0
10199,1.0
10200,1.0
10201,1.0
10202,1.0
10203,1.0
10204,1.0
10205,1.0
10206,1.0
10207,1.0
10208,1.0
10209,1.0
10210,1.0
10211,1.0
10212,1.0
10213,1.0
10214,1.0
10215,1.0
10216,1.0
10217,1.0
10218,1.0
10219,1.0
10220,1.0
10221,1.0
10222,1.0
10223,1.0
10224,1.0
10225,1.0
10226,1.0
10227,1.0
10228,1.0
10229,1.0
10230,1.0
10231,1.0
10232,1.0
10233,1.0
10234,1.0
10235,1.0
10236,1.0
10237,1.0
10238,1.0
10239,1.0
10240,1.0
10241,1.0
10242,1.0
10243,1.0
10244,1.0
10245,1.0
10246,1.0
10247,1.0
10248,1.0
10249,1.0
10250,1.0
10251,1.0
10252,1.0
10253,1.0
10254,1.0
10255,1.0
10256,1.0
10257,1.0
10258,1.0
10259,1.0
10260,1.0
10261,1.0
10262,1.0
10263,1.0
10264,1.0
10265,1.0
10266,1.0
10267,1.0
10268,1.0
10269,1.0
10270,1.0
10271,1.0
10272,1.0
10273,1.0
10274,1.0
10275,1.0
10276,1.0
10277,1.0
10278,1.0
10279,1.0
10280,1.0
10281,1.0
10282,1.0
10283,1.0
10284,1.0
10285,1.0
10286,1.0
10287,1.0
10288,1.0
10289,1.0
10290,1.0
10291,1.0
10292,1.0
10293,1.0
10294,1.0
10295,1.0
10296,1.0
10297,1.0
10298,1.0
10299,1.0
10300,1.0
10301,1.0
10302,1.0
10303,1.0
10304,1.0
10305,1.0
10306,1.0
10307,1.0
10308,1.0
10309,1.0
10310,1.0
10311,1.0
10312,1.0
10313,1.0
10314,1.0
10315,1.0
10316,1.0
10317,1.0
10318,1.0
10319,1.0
10320,1.0
10321,1.0
10322,1.0
10323,1.0
10324,1.0
10325,1.0
10326,1.0
10327,1.0
10328,1.0
10329,1.0
10330,1.0
10331,1.0
10332,1.0
10333,1.0
10334,1.0
10335,1.0
10336,1.0
10337,1.0
10338,1.0
10339,1.0
10340,1.0
10341,1.0
10342,1.0
10343,1.0
10344,1.0
10345,1.0
10346,1.0
10347,1.0
10348,1.0
10349,1.0
10350,1.0
10351,1.0
10352,1.0
10353,1.0
10354,1.0
10355,1.0
10356,1.0
10357,1.0
10358,1.0
10359,1.0
10360,1.0
10361,1.0
10362,1.0
10363,1.0
10364,1.0
10365,1.0
10366,1.0
10367,1.0
10368,1.0
10369,1.0
10370,1.0
10371,1.0
10372,1.0
10373,1.0
10374,1.0
10375,1.0
10376,1.0
10377,1.0
10378,1.0
10379,1.0
10380,1.0
10381,1.0
10382,1.0
10383,1.0
10384,1.0
10385,1.0
10386,1.0
10387,1.0
10388,1.0
10389,1.0
10390,1.0
10391,1.0
10392,1.0
10393,1.0
10394,1.0
10395,1.0
10396,1.0
10397,1.0
10398,1.0
10399,1.0
10400,1.0
10401,1.0
10402,1.0
10403,1.0
10404,1.0
10405,1.0
10406,1.0
10407,1.0
10408,1.0
10409,1.0
10410,1.0
10411,1.0
10412,1.0
10413,1.0
10414,1.0
10415,1.0
10416,1.0
10417,1.0
10418,1.0
10419,1.0
10420,1.0
10421,1.0
10422,1.0
10423,1.0
10424,1.0
10425,1.0
10426,1.0
10427,1.0
10428,1.0
10429,1.0
10430,1.0
10431,1.0
10432,1.0
10433,1.0
10434,1.0
10435,1.0
10436,1.0
10437,1.0
10438,1.0
10439,1.0
10440,1.0
10441,1.0
10442,1.0
10443,1.0
10444,1.0
10445,1.0
10446,1.0
10447,1.0
10448,1.0
10449,1.0
10450,1.0
10451,1.0
10452,1.0
10453,1.0
10454,1.0
10455,1.0
10456,1.0
10457,1.0
10458,1.0
10459,1.0
10460,1.0
10461,1.0
10462,1.0
10463,1.0
10464,1.0
10465,1.0
10466,1.0
10467,1.0
10468,1.0
10469,1.0
10470,1.0
10471,1.0
10472,1.0
10473,1.0
10474,1.0
10475,1.0
10476,1.0
10477,1.0
10478,1.0
10479,1.0
10480,1.0
10481,1.0
10482,1.0
10483,1.0
10484,1.0
10485,1.0
10486,1.0
10487,1.0
10488,1.0
10489,1.0
10490,1.0
10491,1.0
10492,1.0
10493,1.0
10494,1.0
10495,1.0
10496,1.0
10497,1.0
10498,1.0
10499,1.0
10500,1.0
10501,1.0
10502,1.0
10503,1.0
10504,1.0
10505,1.0
10506,1.0
10507,1.0
10508,1.0
10509,1.0
10510,1.0
10511,1.0
10512,1.0
10513,1.0
10514,1.0
10515,1.0
10516,1.0
10517,1.0
10518,1.0
10519,1.0
10520,1.0
10521,1.0
10522,1.0
10523,1.0
10524,1.0
10525,1.0
10526,1.0
10527,1.0
10528,1.0
10529,1.0
10530,1.0
10531,1.0
10532,1.0
10533,1.0
10534,1.0
10535,1.0
10536,1.0
10537,1.0
10538,1.0
10539,1.0
10540,1.0
10541,1.0
10542,1.0
10543,1.0
10544,1.0
10545,1.0
10546,1.0
10547,1.0
10548,1.0
10549,1.0
10550,1.0
10551,1.0
10552,1.0
10553,1.0
10554,1.0
10555,1.0
10556,1.0
10557,1.0
10558,1.0
10559,1.0
10560,1.0
10561,1.0
10562,1.0
10563,1.0
10564,1.0
10565,1.0
10566,1.0
10567,1.0
10568,1.0
10569,1.0
10570,1.0
10571,1.0
10572,1.0
10573,1.0
10574,1.0
10575,1.0
10576,1.0
10577,1.0
10578,1.0
10579,1.0
10580,1.0
10581,1.0
10582,1.0
10583,1.0
10584,1.0
10585,1.0
10586,1.0
10587,1.0
10588,1.0
10589,1.0
10590,1.0
10591,1.0
10592,1.0
10593,1.0
10594,1.0
10595,1.0
10596,1.0
10597,1.0
10598,1.0
10599,1.0
10600,1.0
10601,1.0
10602,1.0
10603,1.0
10604,1.0
10605,1.0
10606,1.0
10607,1.0
10608,1.0
10609,1.0
10610,1.0
10611,1.0
10612,1.0
10613,1.0
10614,1.0
10615,1.0
10616,1.0
10617,1.0
10618,1.0
10619,1.0
10620,1.0
10621,1.0
10622,1.0
10623,1.0
10624,1.0
10625,1.0
10626,1.0
10627,1.0
10628,1.0
10629,1.0
10630,1.0
10631,1.0
10632,1.0
10633,1.0
10634,1.0
10635,1.0
10636,1.0
10637,1.0
10638,1.0
10639,1.0
10640,1.0
10641,1.0
10642,1.0
10643,1.0
10644,1.0
10645,1.0
10646,1.0
10647,1.0
10648,1.0
10649,1.0
10650,1.0
10651,1.0
10652,1.0
10653,1.0
10654,1.0
10655,1.0
10656,1.0
10657,1.0
10658,1.0
10659,1.0
10660,1.0
10661,1.0
10662,1.0
10663,1.0
10664,1.0
10665,1.0
10666,1.0
10667,1.0
10668,1.0
10669,1.0
10670,1.0
10671,1.0
10672,1.0
10673,1.0
10674,1.0
10675,1.0
10676,1.0
10677,1.0
10678,1.0
10679,1.0
10680,1.0
10681,1.0
10682,1.0
10683,1.0
10684,1.0
10685,1.0
10686,1.0
10687,1.0
10688,1.0
10689,1.0
10690,1.0
10691,1.0
10692,1.0
10693,1.0
10694,1.0
10695,1.0
10696,1.0
10697,1.0
10698,1.0
10699,1.0
10700,1.0
10701,1.0
10702,1.0
10703,1.0
10704,1.0
10705,1.0
10706,1.0
10707,1.0
10708,1.0
10709,1.0
10710,1.0
10711,1.0
10712,1.0
10713,1.0
10714,1.0
10715,1.0
10716,1.0
10717,1.0
10718,1.0
10719,1.0
10720,1.0
10721,1.0
10722,1.0
10723,1.0
10724,1.0
10725,1.0
10726,1.0
10727,1.0
10728,1.0
10729,1.0
10730,1.0
10731,1.0
10732,1.0
10733,1.0
10734,1.0
10735,1.0
10736,1.0
10737,1.0
10738,1.0
10739,1.0
10740,1.0
10741,1.0
10742,1.0
10743,1.0
10744,1.0
10745,1.0
10746,1.0
10747,1.0
10748,1.0
10749,1.0
10750,1.0
10751,1.0
10752,1.0
10753,1.0
10754,1.0
10755,1.0
10756,1.0
10757,1.0
10758,1.0
10759,1.0
10760,1.0
10761,1.0
10762,1.0
10763,1.0
10764,1.0
10765,1.0
10766,1.0
10767,1.0
10768,1.0
10769,1.0
10770,1.0
10771,1.0
10772,1.0
10773,1.0
10774,1.0
10775,1.0
10776,1.0
10777,1.0
10778,1.0
10779,1.0
10780,1.0
10781,1.0
10782,1.0
10783,1.0
10784,1.0
10785,1.0
10786,1.0
10787,1.0
10788,1.0
10789,1.0
10790,1.0
10791,1.0
10792,1.0
10793,1.0
10794,1.0
10795,1.0
10796,1.0
10797,1.0
10798,1.0
10799,1.0
10800,1.0
10801,1.0
10802,1.0
10803,1.0
10804,1.0
10805,1.0
10806,1.0
10807,1.0
10808,1.0
10809,1.0
10810,1.0
10811,1.0
10812,1.0
10813,1.0
10814,1.0
10815,1.0
10816,1.0
10817,1.0
10818,1.0
10819,1.0
10820,1.0
10821,1.0
10822,1.0
10823,1.0
10824,1.0
10825,1.0
10826,1.0
10827,1.0
10828,1.0
10829,1.0
10830,1.0
10831,1.0
10832,1.0
10833,1.0
10834,1.0
10835,1.0
10836,1.0
10837,1.0
10838,1.0
10839,1.0
10840,1.0
10841,1.0
10842,1.0
10843,1.0
10844,1.0
10845,1.0
10846,1.0
10847,1.0
10848,1.0
10849,1.0
10850,1.0
10851,1.0
10852,1.0
10853,1.0
10854,1.0
10855,1.0
10856,1.0
10857,1.0
10858,1.0
10859,1.0
10860,1.0
10861,1.0
10862,1.0
10863,1.0
10864,1.0
10865,1.0
10866,1.0
10867,1.0
10868,1.0
10869,1.0
10870,1.0
10871,1.0
10872,1.0
10873,1.0
10874,1.0
10875,1.0
10876,1.0
10877,1.0
10878,1.0
10879,1.0
10880,1.0
10881,1.0
10882,1.0
10883,1.0
10884,1.0
10885,1.0
10886,1.0
10887,1.0
10888,1.0
10889,1.0
10890,1.0
10891,1.0
10892,1.0
10893,1.0
10894,1.0
10895,1.0
10896,1.0
10897,1.0
10898,1.0
10899,1.0
10900,1.0
10901,1.0
10902,1.0
10903,1.0
10904,1.0
10905,1.0
10906,1.0
10907,1.0
10908,1.0
10909,1.0
10910,1.0
10911,1.0
10912,1.0
10913,1.0
10914,1.0
10915,1.0
10916,1.0
10917,1.0
10918,1.0
10919,1.0
10920,1.0
10921,1.0
10922,1.0
10923,1.0
10924,1.0
10925,1.0
10926,1.0
10927,1.0
10928,1.0
10929,1.0
10930,1.0
10931,1.0
10932,1.0
10933,1.0
10934,1.0
10935,1.0
10936,1.0
10937,1.0
10938,1.0
10939,1.0
10940,1.0
10941,1.0
10942,1.0
10943,1.0
10944,1.0
10945,1.0
10946,1.0
10947,1.0
10948,1.0
10949,1.0
10950,1.0
10951,1.0
10952,1.0
10953,1.0
10954,1.0
10955,1.0
10956,1.0
10957,1.0
10958,1.0
10959,1.0
10960,1.0
10961,1.0
10962,1.0
10963,1.0
10964,1.0
10965,1.0
10966,1.0
10967,1.0
10968,1.0
10969,1.0
10970,1.0
10971,1.0
10972,1.0
10973,1.0
10974,1.0
10975,1.0
10976,1.0
10977,1.0
10978,1.0
10979,1.0
10980,1.0
10981,1.0
10982,1.0
10983,1.0
10984,1.0
10985,1.0
10986,1.0
10987,1.0
10988,1.0
10989,1.0
10990,1.0
10991,1.0
10992,1.0
10993,1.0
10994,1.0
10995,1.0
10996,1.0
10997,1.0
10998,1.0
10999,1.0
11000,1.0
11001,1.0
11002,1.0
11003,1.0
11004,1.0
11005,1.0
11006,1.0
11007,1.0
11008,1.0
11009,1.0
11010,1.0
11011,1.0
11012,1.0
11013,1.0
11014,1.0
11015,1.0
11016,1.0
11017,1.0
11018,1.0
11019,1.0
11020,1.0
11021,1.0
11022,1.0
11023,1.0
11024,1.0
11025,1.0
11026,1.0
11027,1.0
11028,1.0
11029,1.0
11030,1.0
11031,1.0
11032,1.0
11033,1.0
11034,1.0
11035,1.0
11036,1.0
11037,1.0
11038,1.0
11039,1.0
11040,1.0
11041,1.0
11042,1.0
11043,1.0
11044,1.0
11045,1.0
11046,1.0
11047,1.0
11048,1.0
11049,1.0
11050,1.0
11051,1.0
11052,1.0
11053,1.0
11054,1.0
11055,1.0
11056,1.0
11057,1.0
11058,1.0
11059,1.0
11060,1.0
11061,1.0
11062,1.0
11063,1.0
11064,1.0
11065,1.0
11066,1.0
11067,1.0
11068,1.0
11069,1.0
11070,1.0
11071,1.0
11072,1.0
11073,1.0
11074,1.0
11075,1.0
11076,1.0
11077,1.0
11078,1.0
11079,1.0
11080,1.0
11081,1.0
11082,1.0
11083,1.0
11084,1.0
11085,1.0
11086,1.0
11087,1.0
11088,1.0
11089,1.0
11090,1.0
11091,1.0
11092,1.0
11093,1.0
11094,1.0
11095,1.0
11096,1.0
11097,1.0
11098,1.0
11099,1.0
11100,1.0
11101,1.0
11102,1.0
11103,1.0
11104,1.0
11105,1.0
11106,1.0
11107,1.0
11108,1.0
11109,1.0
11110,1.0
11111,1.0
11112,1.0
11113,1.0
11114,1.0
11115,1.0
11116,1.0
11117,1.0
11118,1.0
11119,1.0
11120,1.0
11121,1.0
11122,1.0
11123,1.0
11124,1.0
11125,1.0
11126,1.0
11127,1.0
11128,1.0
11129,1.0
11130,1.0
11131,1.0
11132,1.0
11133,1.0
11134,1.0
11135,1.0
11136,1.0
11137,1.0
11138,1.0
11139,1.0
11140,1.0
11141,1.0
11142,1.0
11143,1.0
11144,1.0
11145,1.0
11146,1.0
11147,1.0
11148,1.0
11149,1.0
11150,1.0
11151,1.0
11152,1.0
11153,1.0
11154,1.0
11155,1.0
11156,1.0
11157,1.0
11158,1.0
11159,1.0
11160,1.0
11161,1.0
11162,1.0
11163,1.0
11164,1.0
11165,1.0
11166,1.0
11167,1.0
11168,1.0
11169,1.0
11170,1.0
11171,1.0
11172,1.0
11173,1.0
11174,1.0
11175,1.0
11176,1.0
11177,1.0
11178,1.0
11179,1.0
11180,1.0
11181,1.0
11182,1.0
11183,1.0
11184,1.0
11185,1.0
11186,1.0
11187,1.0
11188,1.0
11189,1.0
11190,1.0
11191,1.0
11192,1.0
11193,1.0
11194,1.0
11195,1.0
11196,1.0
11197,1.0
11198,1.0
11199,1.0
11200,1.0
11201,1.0
11202,1.0
11203,1.0
11204,1.0
11205,1.0
11206,1.0
11207,1.0
11208,1.0
11209,1.0
11210,1.0
11211,1.0
11212,1.0
11213,1.0
11214,1.0
11215,1.0
11216,1.0
11217,1.0
11218,1.0
11219,1.0
11220,1.0
11221,1.0
11222,1.0
11223,1.0
11224,1.0
11225,1.0
11226,1.0
11227,1.0
11228,1.0
11229,1.0
11230,1.0
11231,1.0
11232,1.0
11233,1.0
11234,1.0
11235,1.0
11236,1.0
11237,1.0
11238,1.0
11239,1.0
11240,1.0
11241,1.0
11242,1.0
11243,1.0
11244,1.0
11245,1.0
11246,1.0
11247,1.0
11248,1.0
11249,1.0
11250,1.0
11251,1.0
11252,1.0
11253,1.0
11254,1.0
11255,1.0
11256,1.0
11257,1.0
11258,1.0
11259,1.0
11260,1.0
11261,1.0
11262,1.0
11263,1.0
11264,1.0
11265,1.0
11266,1.0
11267,1.0
11268,1.0
11269,1.0
11270,1.0
11271,1.0
11272,1.0
11273,1.0
11274,1.0
11275,1.0
11276,1.0
11277,1.0
11278,1.0
11279,1.0
11280,1.0
11281,1.0
11282,1.0
11283,1.0
11284,1.0
11285,1.0
11286,1.0
11287,1.0
11288,1.0
11289,1.0
11290,1.0
11291,1.0
11292,1.0
11293,1.0
11294,1.0
11295,1.0
11296,1.0
11297,1.0
11298,1.0
11299,1.0
11300,1.0
11301,1.0
11302,1.0
11303,1.0
11304,1.0
11305,1.0
11306,1.0
11307,1.0
11308,1.0
11309,1.0
11310,1.0
11311,1.0
11312,1.0
11313,1.0
11314,1.0
11315,1.0
11316,1.0
11317,1.0
11318,1.0
11319,1.0
11320,1.0
11321,1.0
11322,1.0
11323,1.0
11324,1.0
11325,1.0
11326,1.0
11327,1.0
11328,1.0
11329,1.0
11330,1.0
11331,1.0
11332,1.0
11333,1.0
11334,1.0
11335,1.0
11336,1.0
11337,1.0
11338,1.0
11339,1.0
11340,1.0
11341,1.0
11342,1.0
11343,1.0
11344,1.0
11345,1.0
11346,1.0
11347,1.0
11348,1.0
11349,1.0
11350,1.0
11351,1.0
11352,1.0
11353,1.0
11354,1.0
11355,1.0
11356,1.0
11357,1.0
11358,1.0
11359,1.0
11360,1.0
11361,1.0
11362,1.0
11363,1.0
11364,1.0
11365,1.0
11366,1.0
11367,1.0
11368,1.0
11369,1.0
11370,1.0
11371,1.0
11372,1.0
11373,1.0
11374,1.0
11375,1.0
11376,1.0
11377,1.0
11378,1.0
11379,1.0
11380,1.0
11381,1.0
11382,1.0
11383,1.0
11384,1.0
11385,1.0
11386,1.0
11387,1.0
11388,1.0
11389,1.0
11390,1.0
11391,1.0
11392,1.0
11393,1.0
11394,1.0
11395,1.0
11396,1.0
11397,1.0
11398,1.0
11399,1.0
11400,1.0
11401,1.0
11402,1.0
11403,1.0
11404,1.0
11405,1.0
11406,1.0
11407,1.0
11408,1.0
11409,1.0
11410,1.0
11411,1.0
11412,1.0
11413,1.0
11414,1.0
11415,1.0
11416,1.0
11417,1.0
11418,1.0
11419,1.0
11420,1.0
11421,1.0
11422,1.0
11423,1.0
11424,1.0
11425,1.0
11426,1.0
11427,1.0
11428,1.0
11429,1.0
11430,1.0
11431,1.0
11432,1.0
11433,1.0
11434,1.0
11435,1.0
11436,1.0
11437,1.0
11438,1.0
11439,1.0
11440,1.0
11441,1.0
11442,1.0
11443,1.0
11444,1.0
11445,1.0
11446,1.0
11447,1.0
11448,1.0
11449,1.0
11450,1.0
11451,1.0
11452,1.0
11453,1.0
11454,1.0
11455,1.0
11456,1.0
11457,1.0
11458,1.0
11459,1.0
11460,1.0
11461,1.0
11462,1.0
11463,1.0
11464,1.0
11465,1.0
11466,1.0
11467,1.0
11468,1.0
11469,1.0
11470,1.0
11471,1.0
11472,1.0
11473,1.0
11474,1.0
11475,1.0
11476,1.0
11477,1.0
11478,1.0
11479,1.0
11480,1.0
11481,1.0
11482,1.0
11483,1.0
11484,1.0
11485,1.0
11486,1.0
11487,1.0
11488,1.0
11489,1.0
11490,1.0
11491,1.0
11492,1.0
11493,1.0
11494,1.0
11495,1.0
11496,1.0
11497,1.0
11498,1.0
11499,1.0
11500,1.0
11501,1.0
11502,1.0
11503,1.0
11504,1.0
11505,1.0
11506,1.0
11507,1.0
11508,1.0
11509,1.0
11510,1.0
11511,1.0
11512,1.0
11513,1.0
11514,1.0
11515,1.0
11516,1.0
11517,1.0
11518,1.0
11519,1.0
11520,1.0
11521,1.0
11522,1.0
11523,1.0
11524,1.0
11525,1.0
11526,1.0
11527,1.0
11528,1.0
11529,1.0
11530,1.0
11531,1.0
11532,1.0
11533,1.0
11534,1.0
11535,1.0
11536,1.0
11537,1.0
11538,1.0
11539,1.0
11540,1.0
11541,1.0
11542,1.0
11543,1.0
11544,1.0
11545,1.0
11546,1.0
11547,1.0
11548,1.0
11549,1.0
11550,1.0
11551,1.0
11552,1.0
11553,1.0
11554,1.0
11555,1.0
11556,1.0
11557,1.0
11558,1.0
11559,1.0
11560,1.0
11561,1.0
11562,1.0
11563,1.0
11564,1.0
11565,1.0
11566,1.0
11567,1.0
11568,1.0
11569,1.0
11570,1.0
11571,1.0
11572,1.0
11573,1.0
11574,1.0
11575,1.0
11576,1.0
11577,1.0
11578,1.0
11579,1.0
11580,1.0
11581,1.0
11582,1.0
11583,1.0
11584,1.0
11585,1.0
11586,1.0
11587,1.0
11588,1.0
11589,1.0
11590,1.0
11591,1.0
11592,1.0
11593,1.0
11594,1.0
11595,1.0
11596,1.0
11597,1.0
11598,1.0
11599,1.0
11600,1.0
11601,1.0
11602,1.0
11603,1.0
11604,1.0
11605,1.0
11606,1.0
11607,1.0
11608,1.0
11609,1.0
11610,1.0
11611,1.0
11612,1.0
11613,1.0
11614,1.0
11615,1.0
11616,1.0
11617,1.0
11618,1.0
11619,1.0
11620,1.0
11621,1.0
11622,1.0
11623,1.0
11624,1.0
11625,1.0
11626,1.0
11627,1.0
11628,1.0
11629,1.0
11630,1.0
11631,1.0
11632,1.0
11633,1.0
11634,1.0
11635,1.0
11636,1.0
11637,1.0
11638,1.0
11639,1.0
11640,1.0
11641,1.0
11642,1.0
11643,1.0
11644,1.0
11645,1.0
11646,1.0
11647,1.0
11648,1.0
11649,1.0
11650,1.0
11651,1.0
11652,1.0
11653,1.0
11654,1.0
11655,1.0
11656,1.0
11657,1.0
11658,1.0
11659,1.0
11660,1.0
11661,1.0
11662,1.0
11663,1.0
11664,1.0
11665,1.0
11666,1.0
11667,1.0
11668,1.0
11669,1.0
11670,1.0
11671,1.0
11672,1.0
11673,1.0
11674,1.0
11675,1.0
11676,1.0
11677,1.0
11678,1.0
11679,1.0
11680,1.0
11681,1.0
11682,1.0
11683,1.0
11684,1.0
11685,1.0
11686,1.0
11687,1.0
11688,1.0
11689,1.0
11690,1.0
11691,1.0
11692,0.0
